delta_e	sgScore	rank	sequence
1.550	0.081	0.990	G-C
1.550	0.525	0.982	G-C
1.550	0.518	0.976	G-C
1.550	0.470	0.976	G-C
1.550	0.264	0.973	G-C
1.550	0.847	0.970	G-C
1.550	0.473	0.969	G-C
1.550	0.336	0.969	G-C
1.550	0.580	0.968	G-C
1.550	0.489	0.968	G-C
1.550	0.746	0.967	G-C
1.550	0.369	0.967	G-C
1.550	0.558	0.965	G-C
1.550	0.082	0.962	G-C
1.550	0.884	0.956	G-C
1.550	0.783	0.953	G-C
1.550	0.334	0.948	G-C
1.550	0.384	0.944	G-C
1.550	0.264	0.944	G-C
1.550	0.452	0.941	G-C
1.550	0.346	0.937	G-C
1.550	0.199	0.937	G-C
1.550	0.675	0.936	G-C
1.550	0.193	0.933	G-C
1.550	0.477	0.932	G-C
1.550	0.284	0.930	G-C
1.550	0.184	0.929	G-C
1.550	0.735	0.923	G-C
1.550	0.028	0.922	G-C
1.550	0.078	0.915	G-C
1.550	0.929	0.914	G-C
1.550	0.287	0.907	G-C
1.550	0.207	0.904	G-C
1.550	0.100	0.904	G-C
1.550	0.446	0.902	G-C
1.550	0.039	0.902	G-C
1.550	0.379	0.901	G-C
1.550	0.464	0.899	G-C
1.550	0.022	0.899	G-C
1.550	0.377	0.895	G-C
1.550	0.118	0.893	G-C
1.550	0.163	0.887	G-C
1.550	0.139	0.887	G-C
1.550	0.842	0.885	G-C
1.550	0.121	0.879	G-C
1.550	0.821	0.876	G-C
1.550	0.058	0.876	G-C
1.550	0.355	0.875	G-C
1.550	0.453	0.873	G-C
1.550	0.256	0.873	G-C
1.550	0.342	0.871	G-C
1.550	0.066	0.869	G-C
1.550	0.039	0.863	G-C
1.550	0.315	0.859	G-C
1.550	0.456	0.858	G-C
1.550	0.349	0.848	G-C
1.550	0.434	0.845	G-C
1.550	0.329	0.845	G-C
1.550	0.714	0.842	G-C
1.550	0.268	0.842	G-C
1.550	0.456	0.841	G-C
1.550	0.203	0.841	G-C
1.550	0.039	0.841	G-C
1.550	0.271	0.831	G-C
1.550	0.169	0.831	G-C
1.550	0.247	0.830	G-C
1.550	0.617	0.827	G-C
1.550	0.159	0.827	G-C
1.550	0.336	0.822	G-C
1.550	0.678	0.821	G-C
1.550	0.028	0.820	G-C
1.550	0.536	0.815	G-C
1.550	0.177	0.815	G-C
1.550	0.219	0.811	G-C
1.550	0.497	0.810	G-C
1.550	0.216	0.810	G-C
1.550	0.505	0.807	G-C
1.550	0.663	0.801	G-C
1.550	0.104	0.797	G-C
1.550	0.402	0.795	G-C
1.550	0.107	0.795	G-C
1.550	0.041	0.795	G-C
1.550	0.581	0.793	G-C
1.550	0.190	0.793	G-C
1.550	0.137	0.791	G-C
1.550	0.135	0.785	G-C
1.550	0.161	0.782	G-C
1.550	0.329	0.779	G-C
1.550	0.079	0.779	G-C
1.550	0.437	0.777	G-C
1.550	0.083	0.775	G-C
1.550	0.035	0.773	G-C
1.550	0.381	0.771	G-C
1.550	0.203	0.770	G-C
1.550	0.188	0.769	G-C
1.550	0.121	0.769	G-C
1.550	0.061	0.769	G-C
1.550	0.068	0.766	G-C
1.550	0.282	0.763	G-C
1.550	0.147	0.759	G-C
1.550	0.479	0.757	G-C
1.550	0.418	0.751	G-C
1.550	0.326	0.751	G-C
1.550	0.122	0.749	G-C
1.550	0.201	0.747	G-C
1.550	0.120	0.743	G-C
1.550	0.433	0.737	G-C
1.550	0.060	0.736	G-C
1.550	0.003	0.734	G-C
1.550	0.301	0.733	G-C
1.550	0.314	0.726	G-C
1.550	0.535	0.722	G-C
1.550	0.139	0.721	G-C
1.550	0.397	0.720	G-C
1.550	0.222	0.719	G-C
1.550	0.158	0.715	G-C
1.550	0.015	0.714	G-C
1.550	0.198	0.710	G-C
1.550	0.226	0.709	G-C
1.550	0.023	0.709	G-C
1.550	0.315	0.704	G-C
1.550	0.188	0.704	G-C
1.550	0.539	0.703	G-C
1.550	0.099	0.703	G-C
1.550	0.325	0.700	G-C
1.550	0.310	0.699	G-C
1.550	0.103	0.699	G-C
1.550	0.144	0.698	G-C
1.550	0.106	0.697	G-C
1.550	0.587	0.696	G-C
1.550	0.081	0.695	G-C
1.550	0.085	0.691	G-C
1.550	0.008	0.688	G-C
1.550	0.262	0.686	G-C
1.550	0.025	0.686	G-C
1.550	0.262	0.685	G-C
1.550	0.161	0.685	G-C
1.550	0.147	0.684	G-C
1.550	0.448	0.681	G-C
1.550	0.035	0.681	G-C
1.550	0.105	0.680	G-C
1.550	0.139	0.678	G-C
1.550	0.130	0.678	G-C
1.550	0.080	0.678	G-C
1.550	0.127	0.676	G-C
1.550	0.485	0.674	G-C
1.550	0.373	0.673	G-C
1.550	0.252	0.673	G-C
1.550	0.164	0.673	G-C
1.550	0.336	0.670	G-C
1.550	0.100	0.670	G-C
1.550	0.059	0.669	G-C
1.550	0.029	0.663	G-C
1.550	0.162	0.659	G-C
1.550	0.068	0.659	G-C
1.550	0.373	0.657	G-C
1.550	0.053	0.657	G-C
1.550	0.676	0.656	G-C
1.550	0.349	0.653	G-C
1.550	0.056	0.649	G-C
1.550	0.074	0.643	G-C
1.550	0.268	0.642	G-C
1.550	0.556	0.638	G-C
1.550	0.112	0.638	G-C
1.550	0.071	0.637	G-C
1.550	0.073	0.635	G-C
1.550	0.110	0.634	G-C
1.550	0.122	0.626	G-C
1.550	0.141	0.622	G-C
1.550	0.205	0.620	G-C
1.550	0.474	0.618	G-C
1.550	0.626	0.616	G-C
1.550	0.285	0.616	G-C
1.550	0.245	0.616	G-C
1.550	0.091	0.616	G-C
1.550	0.378	0.613	G-C
1.550	0.261	0.610	G-C
1.550	0.104	0.607	G-C
1.550	0.211	0.603	G-C
1.550	0.056	0.601	G-C
1.550	0.062	0.597	G-C
1.550	0.251	0.596	G-C
1.550	0.201	0.595	G-C
1.550	0.056	0.591	G-C
1.550	0.027	0.587	G-C
1.550	0.163	0.584	G-C
1.550	0.063	0.584	G-C
1.550	0.235	0.582	G-C
1.550	0.115	0.582	G-C
1.550	0.159	0.579	G-C
1.550	0.047	0.569	G-C
1.550	0.460	0.568	G-C
1.550	0.280	0.565	G-C
1.550	0.075	0.565	G-C
1.550	0.056	0.565	G-C
1.550	0.285	0.563	G-C
1.550	0.146	0.556	G-C
1.550	0.392	0.554	G-C
1.550	0.031	0.554	G-C
1.550	0.308	0.553	G-C
1.550	0.169	0.553	G-C
1.550	0.207	0.551	G-C
1.550	0.042	0.546	G-C
1.550	0.510	0.545	G-C
1.550	0.454	0.541	G-C
1.550	0.052	0.541	G-C
1.550	0.565	0.535	G-C
1.550	0.189	0.535	G-C
1.550	0.181	0.527	G-C
1.550	0.329	0.525	G-C
1.550	0.051	0.525	G-C
1.550	0.055	0.525	G-C
1.550	0.098	0.523	G-C
1.550	0.268	0.522	G-C
1.550	0.030	0.521	G-C
1.550	0.332	0.519	G-C
1.550	0.074	0.518	G-C
1.550	0.298	0.518	G-C
1.550	0.189	0.514	G-C
1.550	0.097	0.514	G-C
1.550	0.094	0.509	G-C
1.550	0.085	0.508	G-C
1.550	0.029	0.507	G-C
1.550	0.207	0.504	G-C
1.550	0.110	0.504	G-C
1.550	0.401	0.502	G-C
1.550	0.052	0.502	G-C
1.550	0.074	0.501	G-C
1.550	0.276	0.498	G-C
1.550	0.544	0.497	G-C
1.550	0.455	0.495	G-C
1.550	0.441	0.495	G-C
1.550	0.159	0.495	G-C
1.550	0.114	0.490	G-C
1.550	0.242	0.485	G-C
1.550	0.594	0.481	G-C
1.550	0.159	0.480	G-C
1.550	0.075	0.478	G-C
1.550	0.017	0.478	G-C
1.550	0.107	0.477	G-C
1.550	0.019	0.477	G-C
1.550	0.339	0.477	G-C
1.550	0.237	0.476	G-C
1.550	0.165	0.476	G-C
1.550	0.088	0.475	G-C
1.550	0.055	0.473	G-C
1.550	0.230	0.471	G-C
1.550	0.100	0.470	G-C
1.550	0.073	0.469	G-C
1.550	0.158	0.468	G-C
1.550	0.061	0.468	G-C
1.550	0.049	0.464	G-C
1.550	0.034	0.460	G-C
1.550	0.277	0.458	G-C
1.550	0.312	0.455	G-C
1.550	0.181	0.453	G-C
1.550	0.380	0.452	G-C
1.550	0.026	0.451	G-C
1.550	0.034	0.447	G-C
1.550	0.263	0.444	G-C
1.550	0.042	0.444	G-C
1.550	0.038	0.441	G-C
1.550	0.607	0.440	G-C
1.550	0.206	0.438	G-C
1.550	0.134	0.437	G-C
1.550	0.129	0.431	G-C
1.550	0.029	0.430	G-C
1.550	0.365	0.429	G-C
1.550	0.178	0.427	G-C
1.550	0.045	0.427	G-C
1.550	0.377	0.426	G-C
1.550	0.523	0.421	G-C
1.550	0.244	0.419	G-C
1.550	0.078	0.419	G-C
1.550	0.279	0.415	G-C
1.550	0.088	0.414	G-C
1.550	0.019	0.414	G-C
1.550	0.160	0.414	G-C
1.550	0.094	0.411	G-C
1.550	0.006	0.408	G-C
1.550	0.568	0.402	G-C
1.550	0.075	0.401	G-C
1.550	0.096	0.399	G-C
1.550	0.185	0.390	G-C
1.550	0.079	0.388	G-C
1.550	0.420	0.387	G-C
1.550	0.020	0.387	G-C
1.550	0.358	0.379	G-C
1.550	0.052	0.378	G-C
1.550	0.031	0.376	G-C
1.550	0.019	0.374	G-C
1.550	0.243	0.367	G-C
1.550	0.036	0.367	G-C
1.550	0.303	0.366	G-C
1.550	0.058	0.363	G-C
1.550	0.067	0.362	G-C
1.550	0.076	0.360	G-C
1.550	0.107	0.359	G-C
1.550	0.014	0.356	G-C
1.550	0.247	0.355	G-C
1.550	0.077	0.355	G-C
1.550	0.397	0.354	G-C
1.550	0.090	0.354	G-C
1.550	0.039	0.347	G-C
1.550	0.068	0.345	G-C
1.550	0.053	0.345	G-C
1.550	0.050	0.343	G-C
1.550	0.110	0.342	G-C
1.550	0.167	0.336	G-C
1.550	0.069	0.335	G-C
1.550	0.507	0.332	G-C
1.550	0.028	0.327	G-C
1.550	0.289	0.326	G-C
1.550	0.044	0.326	G-C
1.550	0.051	0.324	G-C
1.550	0.032	0.323	G-C
1.550	0.036	0.322	G-C
1.550	0.028	0.322	G-C
1.550	0.414	0.320	G-C
1.550	0.089	0.320	G-C
1.550	0.056	0.318	G-C
1.550	0.231	0.315	G-C
1.550	0.141	0.313	G-C
1.550	0.150	0.311	G-C
1.550	0.187	0.309	G-C
1.550	0.044	0.309	G-C
1.550	0.184	0.305	G-C
1.550	0.079	0.302	G-C
1.550	0.077	0.302	G-C
1.550	0.031	0.302	G-C
1.550	0.075	0.301	G-C
1.550	0.130	0.300	G-C
1.550	0.102	0.299	G-C
1.550	0.020	0.298	G-C
1.550	0.339	0.297	G-C
1.550	0.061	0.297	G-C
1.550	0.416	0.291	G-C
1.550	0.017	0.290	G-C
1.550	0.075	0.280	G-C
1.550	0.009	0.277	G-C
1.550	0.023	0.275	G-C
1.550	0.038	0.274	G-C
1.550	0.026	0.273	G-C
1.550	0.028	0.263	G-C
1.550	0.006	0.263	G-C
1.550	0.118	0.262	G-C
1.550	0.110	0.262	G-C
1.550	0.005	0.262	G-C
1.550	0.080	0.255	G-C
1.550	0.042	0.254	G-C
1.550	0.223	0.253	G-C
1.550	0.055	0.253	G-C
1.550	0.036	0.253	G-C
1.550	0.176	0.240	G-C
1.550	0.017	0.238	G-C
1.550	0.112	0.236	G-C
1.550	0.115	0.230	G-C
1.550	0.220	0.227	G-C
1.550	0.094	0.225	G-C
1.550	0.394	0.222	G-C
1.550	0.182	0.212	G-C
1.550	0.094	0.211	G-C
1.550	0.043	0.208	G-C
1.550	0.037	0.208	G-C
1.550	0.035	0.207	G-C
1.550	0.016	0.205	G-C
1.550	0.018	0.202	G-C
1.550	0.086	0.199	G-C
1.550	0.065	0.197	G-C
1.550	0.027	0.197	G-C
1.550	0.017	0.195	G-C
1.550	0.002	0.187	G-C
1.550	0.047	0.186	G-C
1.550	0.116	0.180	G-C
1.550	0.025	0.180	G-C
1.550	0.087	0.179	G-C
1.550	0.015	0.179	G-C
1.550	0.199	0.178	G-C
1.550	0.016	0.175	G-C
1.550	0.598	0.171	G-C
1.550	0.300	0.170	G-C
1.550	0.002	0.170	G-C
1.550	0.040	0.158	G-C
1.550	0.035	0.156	G-C
1.550	0.027	0.156	G-C
1.550	0.016	0.156	G-C
1.550	0.025	0.153	G-C
1.550	0.138	0.148	G-C
1.550	0.012	0.146	G-C
1.550	0.040	0.141	G-C
1.550	0.026	0.141	G-C
1.550	0.108	0.138	G-C
1.550	0.099	0.132	G-C
1.550	0.088	0.130	G-C
1.550	0.342	0.126	G-C
1.550	0.041	0.126	G-C
1.550	0.006	0.125	G-C
1.550	0.098	0.124	G-C
1.550	0.005	0.123	G-C
1.550	0.240	0.122	G-C
1.550	0.163	0.122	G-C
1.550	0.123	0.122	G-C
1.550	0.024	0.122	G-C
1.550	0.017	0.121	G-C
1.550	0.079	0.120	G-C
1.550	0.187	0.116	G-C
1.550	0.114	0.115	G-C
1.550	0.007	0.113	G-C
1.550	0.072	0.112	G-C
1.550	0.152	0.109	G-C
1.550	0.179	0.107	G-C
1.550	0.007	0.107	G-C
1.550	0.066	0.105	G-C
1.550	0.014	0.105	G-C
1.550	0.022	0.105	G-C
1.550	0.090	0.103	G-C
1.550	0.010	0.102	G-C
1.550	0.047	0.102	G-C
1.550	0.006	0.101	G-C
1.550	0.040	0.096	G-C
1.550	0.118	0.095	G-C
1.550	0.151	0.092	G-C
1.550	0.021	0.089	G-C
1.550	0.063	0.088	G-C
1.550	0.329	0.087	G-C
1.550	0.041	0.082	G-C
1.550	0.116	0.077	G-C
1.550	0.038	0.076	G-C
1.550	0.011	0.075	G-C
1.550	0.020	0.073	G-C
1.550	0.053	0.069	G-C
1.550	0.055	0.068	G-C
1.550	0.020	0.064	G-C
1.550	0.020	0.063	G-C
1.550	0.024	0.062	G-C
1.550	0.098	0.060	G-C
1.550	0.218	0.056	G-C
1.550	0.129	0.055	G-C
1.550	0.011	0.053	G-C
1.550	0.053	0.048	G-C
1.550	0.153	0.047	G-C
1.550	0.036	0.046	G-C
1.550	0.030	0.045	G-C
1.550	0.017	0.044	G-C
1.550	0.011	0.043	G-C
1.550	0.066	0.038	G-C
1.550	0.366	0.036	G-C
1.550	0.076	0.035	G-C
1.550	0.083	0.031	G-C
1.550	0.095	0.027	G-C
1.550	0.363	0.024	G-C
1.550	0.336	0.023	G-C
1.550	0.457	0.022	G-C
1.550	0.138	0.019	G-C
1.550	0.016	0.012	G-C
1.550	0.091	0.996	G-C
1.550	0.776	0.993	G-C
1.550	0.341	0.989	G-C
1.550	0.602	0.985	G-C
1.550	0.221	0.982	G-C
1.550	0.536	0.982	G-C
1.550	0.433	0.974	G-C
1.550	0.289	0.971	G-C
1.550	0.504	0.967	G-C
1.550	0.055	0.963	G-C
1.550	0.617	0.960	G-C
1.550	0.684	0.956	G-C
1.550	0.713	0.952	G-C
1.550	0.233	0.949	G-C
1.550	0.655	0.945	G-C
1.550	0.283	0.941	G-C
1.550	0.550	0.938	G-C
1.550	0.888	0.934	G-C
1.550	0.014	0.930	G-C
1.550	0.532	0.926	G-C
1.550	0.709	0.923	G-C
1.550	0.155	0.919	G-C
1.550	0.152	0.915	G-C
1.550	0.223	0.912	G-C
1.550	0.212	0.908	G-C
1.550	0.201	0.904	G-C
1.550	0.199	0.901	G-C
1.550	0.258	0.897	G-C
1.550	0.172	0.893	G-C
1.550	0.385	0.890	G-C
1.550	0.485	0.886	G-C
1.550	0.246	0.882	G-C
1.550	0.096	0.879	G-C
1.550	0.061	0.875	G-C
1.550	0.088	0.871	G-C
1.550	0.276	0.868	G-C
1.550	0.105	0.864	G-C
1.550	0.041	0.860	G-C
1.550	0.256	0.857	G-C
1.550	0.253	0.853	G-C
1.550	0.698	0.849	G-C
1.550	0.091	0.846	G-C
1.550	0.155	0.842	G-C
1.550	0.471	0.838	G-C
1.550	0.177	0.835	G-C
1.550	0.097	0.831	G-C
1.550	0.212	0.827	G-C
1.550	0.886	0.824	G-C
1.550	0.047	0.820	G-C
1.550	0.360	0.816	G-C
1.550	0.042	0.812	G-C
1.550	0.010	0.809	G-C
1.550	0.260	0.805	G-C
1.550	0.051	0.801	G-C
1.550	0.075	0.798	G-C
1.550	0.050	0.794	G-C
1.550	0.152	0.790	G-C
1.550	0.576	0.787	G-C
1.550	0.020	0.783	G-C
1.550	0.084	0.779	G-C
1.550	0.041	0.776	G-C
1.550	0.161	0.772	G-C
1.550	0.053	0.768	G-C
1.550	0.433	0.765	G-C
1.550	0.048	0.761	G-C
1.550	0.020	0.757	G-C
1.550	0.011	0.754	G-C
1.550	0.052	0.750	G-C
1.550	0.768	0.746	G-C
1.550	0.008	0.743	G-C
1.550	0.957	0.739	G-C
1.550	0.022	0.735	G-C
1.550	0.137	0.732	G-C
1.550	0.059	0.728	G-C
1.550	0.171	0.724	G-C
1.550	0.286	0.721	G-C
1.550	0.208	0.717	G-C
1.550	0.129	0.713	G-C
1.550	0.490	0.710	G-C
1.550	0.064	0.706	G-C
1.550	0.085	0.702	G-C
1.550	0.258	0.699	G-C
1.550	0.066	0.695	G-C
1.550	0.061	0.691	G-C
1.550	0.214	0.688	G-C
1.550	0.458	0.684	G-C
1.550	0.087	0.680	G-C
1.550	0.084	0.676	G-C
1.550	0.075	0.673	G-C
1.550	0.077	0.669	G-C
1.550	0.592	0.665	G-C
1.550	0.065	0.662	G-C
1.550	0.357	0.658	G-C
1.550	0.713	0.654	G-C
1.550	0.645	0.651	G-C
1.550	0.288	0.647	G-C
1.550	0.109	0.643	G-C
1.550	0.243	0.640	G-C
1.550	0.052	0.636	G-C
1.550	0.153	0.632	G-C
1.550	0.052	0.629	G-C
1.550	0.002	0.625	G-C
1.550	0.138	0.621	G-C
1.550	0.027	0.618	G-C
1.550	0.026	0.614	G-C
1.550	0.010	0.610	G-C
1.550	0.067	0.607	G-C
1.550	0.108	0.603	G-C
1.550	0.043	0.599	G-C
1.550	0.035	0.596	G-C
1.550	0.205	0.592	G-C
1.550	0.106	0.588	G-C
1.550	0.095	0.585	G-C
1.550	0.426	0.581	G-C
1.550	0.359	0.577	G-C
1.550	0.135	0.574	G-C
1.550	0.029	0.570	G-C
1.550	0.350	0.566	G-C
1.550	0.948	0.562	G-C
1.550	0.048	0.559	G-C
1.550	0.057	0.555	G-C
1.550	0.044	0.551	G-C
1.550	0.087	0.548	G-C
1.550	0.098	0.544	G-C
1.550	0.023	0.540	G-C
1.550	0.086	0.537	G-C
1.550	0.053	0.533	G-C
1.550	0.022	0.529	G-C
1.550	0.152	0.526	G-C
1.550	0.079	0.522	G-C
1.550	0.022	0.518	G-C
1.550	0.081	0.515	G-C
1.550	0.029	0.511	G-C
1.550	0.026	0.507	G-C
1.550	0.046	0.504	G-C
1.550	0.146	0.500	G-C
1.550	0.054	0.496	G-C
1.550	0.091	0.493	G-C
1.550	0.263	0.489	G-C
1.550	0.162	0.485	G-C
1.550	0.097	0.482	G-C
1.550	0.843	0.478	G-C
1.550	0.024	0.474	G-C
1.550	0.182	0.471	G-C
1.550	0.322	0.467	G-C
1.550	0.191	0.463	G-C
1.550	0.478	0.460	G-C
1.550	0.033	0.456	G-C
1.550	0.034	0.452	G-C
1.550	0.092	0.449	G-C
1.550	0.093	0.445	G-C
1.550	0.014	0.441	G-C
1.550	0.020	0.438	G-C
1.550	0.054	0.434	G-C
1.550	0.149	0.430	G-C
1.550	0.109	0.426	G-C
1.550	0.066	0.423	G-C
1.550	0.117	0.419	G-C
1.550	0.008	0.415	G-C
1.550	0.021	0.412	G-C
1.550	0.165	0.408	G-C
1.550	0.018	0.404	G-C
1.550	0.030	0.401	G-C
1.550	0.033	0.397	G-C
1.550	0.191	0.393	G-C
1.550	0.156	0.390	G-C
1.550	0.436	0.386	G-C
1.550	0.058	0.382	G-C
1.550	0.259	0.379	G-C
1.550	0.013	0.375	G-C
1.550	0.098	0.371	G-C
1.550	0.003	0.368	G-C
1.550	0.074	0.364	G-C
1.550	0.102	0.360	G-C
1.550	0.100	0.357	G-C
1.550	0.137	0.353	G-C
1.550	0.468	0.349	G-C
1.550	0.005	0.346	G-C
1.550	0.112	0.342	G-C
1.550	0.021	0.338	G-C
1.550	0.232	0.335	G-C
1.550	0.056	0.331	G-C
1.550	0.378	0.327	G-C
1.550	0.429	0.324	G-C
1.550	0.059	0.320	G-C
1.550	0.195	0.316	G-C
1.550	0.013	0.312	G-C
1.550	0.223	0.309	G-C
1.550	0.567	0.305	G-C
1.550	0.182	0.301	G-C
1.550	0.158	0.298	G-C
1.550	0.002	0.294	G-C
1.550	0.010	0.290	G-C
1.550	0.018	0.287	G-C
1.550	0.014	0.283	G-C
1.550	0.018	0.279	G-C
1.550	0.029	0.276	G-C
1.550	0.019	0.272	G-C
1.550	0.075	0.268	G-C
1.550	0.004	0.265	G-C
1.550	0.019	0.261	G-C
1.550	0.773	0.257	G-C
1.550	0.025	0.254	G-C
1.550	0.106	0.250	G-C
1.550	0.018	0.246	G-C
1.550	0.188	0.243	G-C
1.550	0.004	0.239	G-C
1.550	0.006	0.235	G-C
1.550	0.080	0.232	G-C
1.550	0.129	0.228	G-C
1.550	0.023	0.224	G-C
1.550	0.123	0.221	G-C
1.550	0.043	0.217	G-C
1.550	0.206	0.213	G-C
1.550	0.010	0.210	G-C
1.550	0.042	0.206	G-C
1.550	0.054	0.202	G-C
1.550	0.002	0.199	G-C
1.550	0.175	0.195	G-C
1.550	0.013	0.191	G-C
1.550	0.672	0.188	G-C
1.550	0.130	0.184	G-C
1.550	0.025	0.180	G-C
1.550	0.024	0.176	G-C
1.550	0.003	0.173	G-C
1.550	0.073	0.169	G-C
1.550	0.011	0.165	G-C
1.550	0.346	0.162	G-C
1.550	0.004	0.158	G-C
1.550	0.031	0.154	G-C
1.550	0.005	0.151	G-C
1.550	0.018	0.147	G-C
1.550	0.095	0.143	G-C
1.550	0.124	0.140	G-C
1.550	0.484	0.136	G-C
1.550	0.059	0.132	G-C
1.550	0.011	0.129	G-C
1.550	0.003	0.125	G-C
1.550	0.002	0.121	G-C
1.550	0.002	0.118	G-C
1.550	0.025	0.114	G-C
1.550	0.087	0.110	G-C
1.550	0.177	0.107	G-C
1.550	0.122	0.103	G-C
1.550	0.057	0.099	G-C
1.550	0.099	0.096	G-C
1.550	0.028	0.092	G-C
1.550	0.026	0.088	G-C
1.550	0.024	0.085	G-C
1.550	0.056	0.081	G-C
1.550	0.017	0.077	G-C
1.550	0.024	0.074	G-C
1.550	0.030	0.070	G-C
1.550	0.272	0.066	G-C
1.550	0.005	0.062	G-C
1.550	0.016	0.059	G-C
1.550	0.003	0.055	G-C
1.550	0.007	0.051	G-C
1.550	0.004	0.048	G-C
1.550	0.040	0.044	G-C
1.550	0.004	0.040	G-C
1.550	0.022	0.037	G-C
1.550	0.014	0.033	G-C
1.550	0.085	0.029	G-C
1.550	0.390	0.026	G-C
1.550	0.021	0.022	G-C
1.550	0.003	0.018	G-C
1.550	0.032	0.015	G-C
1.550	0.035	0.011	G-C
1.550	0.002	0.007	G-C
1.550	0.036	0.004	G-C
1.550	0.755	0.000	G-C
1.550	0.208	0.000	G-C
1.550	0.640	0.986	G-C
1.550	0.098	0.973	G-C
1.550	0.536	0.959	G-C
1.550	0.717	0.946	G-C
1.550	0.076	0.932	G-C
1.550	0.704	0.919	G-C
1.550	0.926	0.905	G-C
1.550	0.371	0.892	G-C
1.550	0.258	0.878	G-C
1.550	0.059	0.865	G-C
1.550	0.468	0.851	G-C
1.550	0.541	0.838	G-C
1.550	0.245	0.824	G-C
1.550	0.766	0.811	G-C
1.550	0.003	0.797	G-C
1.550	0.409	0.784	G-C
1.550	0.039	0.770	G-C
1.550	0.559	0.757	G-C
1.550	0.455	0.743	G-C
1.550	0.342	0.730	G-C
1.550	0.764	0.716	G-C
1.550	0.591	0.703	G-C
1.550	0.144	0.689	G-C
1.550	0.416	0.676	G-C
1.550	0.097	0.662	G-C
1.550	0.121	0.649	G-C
1.550	0.053	0.635	G-C
1.550	0.085	0.622	G-C
1.550	0.103	0.608	G-C
1.550	0.339	0.595	G-C
1.550	0.024	0.581	G-C
1.550	0.417	0.568	G-C
1.550	0.056	0.554	G-C
1.550	0.019	0.541	G-C
1.550	0.138	0.527	G-C
1.550	0.038	0.514	G-C
1.550	0.236	0.500	G-C
1.550	0.033	0.486	G-C
1.550	0.270	0.473	G-C
1.550	0.012	0.459	G-C
1.550	0.175	0.446	G-C
1.550	0.034	0.432	G-C
1.550	0.026	0.419	G-C
1.550	0.050	0.405	G-C
1.550	0.065	0.392	G-C
1.550	0.102	0.378	G-C
1.550	0.157	0.365	G-C
1.550	0.163	0.351	G-C
1.550	0.188	0.338	G-C
1.550	0.059	0.324	G-C
1.550	0.018	0.311	G-C
1.550	0.067	0.297	G-C
1.550	0.011	0.284	G-C
1.550	0.040	0.270	G-C
1.550	0.094	0.257	G-C
1.550	0.109	0.243	G-C
1.550	0.255	0.230	G-C
1.550	0.069	0.216	G-C
1.550	0.123	0.203	G-C
1.550	0.119	0.189	G-C
1.550	0.163	0.176	G-C
1.550	0.067	0.162	G-C
1.550	0.037	0.149	G-C
1.550	0.115	0.135	G-C
1.550	0.031	0.122	G-C
1.550	0.034	0.108	G-C
1.550	0.269	0.095	G-C
1.550	0.165	0.081	G-C
1.550	0.041	0.068	G-C
1.550	0.151	0.054	G-C
1.550	0.018	0.041	G-C
1.550	0.034	0.027	G-C
1.550	0.025	0.014	G-C
1.550	0.022	0.000	G-C
1.550	0.587	0.968	G-C
1.550	0.655	0.965	G-C
1.550	0.155	0.942	G-C
1.550	0.343	0.933	G-C
1.550	0.700	0.929	G-C
1.550	0.153	0.922	G-C
1.550	0.246	0.916	G-C
1.550	0.229	0.913	G-C
1.550	0.448	0.911	G-C
1.550	0.482	0.909	G-C
1.550	0.134	0.907	G-C
1.550	0.434	0.898	G-C
1.550	0.216	0.896	G-C
1.550	0.761	0.892	G-C
1.550	0.500	0.890	G-C
1.550	0.267	0.887	G-C
1.550	0.640	0.885	G-C
1.550	0.205	0.881	G-C
1.550	0.102	0.879	G-C
1.550	0.170	0.857	G-C
1.550	0.436	0.842	G-C
1.550	0.048	0.840	G-C
1.550	0.590	0.838	G-C
1.550	0.805	0.831	G-C
1.550	0.213	0.825	G-C
1.550	0.328	0.812	G-C
1.550	0.285	0.807	G-C
1.550	0.033	0.794	G-C
1.550	0.181	0.786	G-C
1.550	0.112	0.786	G-C
1.550	0.043	0.786	G-C
1.550	0.474	0.775	G-C
1.550	0.270	0.766	G-C
1.550	0.106	0.760	G-C
1.550	0.071	0.755	G-C
1.550	0.014	0.745	G-C
1.550	0.349	0.745	G-C
1.550	0.214	0.742	G-C
1.550	0.156	0.736	G-C
1.550	0.613	0.714	G-C
1.550	0.189	0.712	G-C
1.550	0.068	0.706	G-C
1.550	0.052	0.699	G-C
1.550	0.090	0.690	G-C
1.550	0.056	0.690	G-C
1.550	0.035	0.684	G-C
1.550	0.323	0.680	G-C
1.550	0.064	0.675	G-C
1.550	0.609	0.673	G-C
1.550	0.072	0.673	G-C
1.550	0.079	0.656	G-C
1.550	0.030	0.634	G-C
1.550	0.356	0.630	G-C
1.550	0.059	0.608	G-C
1.550	0.288	0.606	G-C
1.550	0.246	0.606	G-C
1.550	0.109	0.606	G-C
1.550	0.072	0.597	G-C
1.550	0.038	0.593	G-C
1.550	0.054	0.591	G-C
1.550	0.026	0.591	G-C
1.550	0.219	0.580	G-C
1.550	0.069	0.580	G-C
1.550	0.190	0.578	G-C
1.550	0.045	0.576	G-C
1.550	0.008	0.576	G-C
1.550	0.559	0.567	G-C
1.550	0.288	0.565	G-C
1.550	0.027	0.561	G-C
1.550	0.273	0.548	G-C
1.550	0.110	0.548	G-C
1.550	0.312	0.539	G-C
1.550	0.018	0.539	G-C
1.550	0.042	0.537	G-C
1.550	0.038	0.524	G-C
1.550	0.065	0.513	G-C
1.550	0.066	0.511	G-C
1.550	0.119	0.494	G-C
1.550	0.003	0.489	G-C
1.550	0.181	0.478	G-C
1.550	0.299	0.457	G-C
1.550	0.010	0.457	G-C
1.550	0.078	0.450	G-C
1.550	0.034	0.448	G-C
1.550	0.025	0.448	G-C
1.550	0.005	0.448	G-C
1.550	0.129	0.444	G-C
1.550	0.476	0.439	G-C
1.550	0.095	0.429	G-C
1.550	0.018	0.429	G-C
1.550	0.008	0.422	G-C
1.550	0.478	0.416	G-C
1.550	0.026	0.416	G-C
1.550	0.458	0.413	G-C
1.550	0.025	0.407	G-C
1.550	0.027	0.400	G-C
1.550	0.472	0.387	G-C
1.550	0.228	0.379	G-C
1.550	0.242	0.377	G-C
1.550	0.046	0.377	G-C
1.550	0.022	0.368	G-C
1.550	0.007	0.364	G-C
1.550	0.202	0.353	G-C
1.550	0.161	0.353	G-C
1.550	0.091	0.340	G-C
1.550	0.118	0.335	G-C
1.550	0.011	0.333	G-C
1.550	0.776	0.331	G-C
1.550	0.079	0.323	G-C
1.550	0.171	0.323	G-C
1.550	0.255	0.316	G-C
1.550	0.011	0.299	G-C
1.550	0.038	0.290	G-C
1.550	0.081	0.273	G-C
1.550	0.287	0.258	G-C
1.550	0.294	0.253	G-C
1.550	0.074	0.253	G-C
1.550	0.795	0.249	G-C
1.550	0.138	0.245	G-C
1.550	0.038	0.242	G-C
1.550	0.002	0.238	G-C
1.550	0.022	0.232	G-C
1.550	0.177	0.229	G-C
1.550	0.048	0.223	G-C
1.550	0.019	0.210	G-C
1.550	0.315	0.195	G-C
1.550	0.049	0.195	G-C
1.550	0.006	0.193	G-C
1.550	0.137	0.186	G-C
1.550	0.083	0.186	G-C
1.550	0.136	0.180	G-C
1.550	0.013	0.180	G-C
1.550	0.086	0.165	G-C
1.550	0.025	0.143	G-C
1.550	0.021	0.132	G-C
1.550	0.149	0.128	G-C
1.550	0.201	0.115	G-C
1.550	0.019	0.113	G-C
1.550	0.204	0.104	G-C
1.550	0.005	0.104	G-C
1.550	0.260	0.097	G-C
1.550	0.022	0.097	G-C
1.550	0.019	0.089	G-C
1.550	0.016	0.084	G-C
1.550	0.033	0.076	G-C
1.550	0.073	0.058	G-C
1.550	0.056	0.052	G-C
1.550	0.042	0.048	G-C
1.550	0.110	0.043	G-C
1.550	0.052	0.030	G-C
1.550	0.004	0.024	G-C
1.550	0.005	0.022	G-C
1.550	0.051	0.015	G-C
1.550	0.143	0.009	G-C
1.550	0.655	0.993	G-C
1.550	0.258	0.986	G-C
1.550	0.064	0.978	G-C
1.550	0.071	0.971	G-C
1.550	0.494	0.964	G-C
1.550	0.667	0.957	G-C
1.550	0.233	0.949	G-C
1.550	0.538	0.942	G-C
1.550	0.249	0.935	G-C
1.550	0.184	0.928	G-C
1.550	0.448	0.920	G-C
1.550	0.224	0.913	G-C
1.550	0.095	0.906	G-C
1.550	0.295	0.899	G-C
1.550	0.218	0.891	G-C
1.550	0.383	0.884	G-C
1.550	0.121	0.877	G-C
1.550	0.605	0.870	G-C
1.550	0.567	0.862	G-C
1.550	0.151	0.855	G-C
1.550	0.218	0.848	G-C
1.550	0.302	0.841	G-C
1.550	0.285	0.833	G-C
1.550	0.353	0.826	G-C
1.550	0.069	0.819	G-C
1.550	0.389	0.812	G-C
1.550	0.387	0.804	G-C
1.550	0.235	0.797	G-C
1.550	0.694	0.790	G-C
1.550	0.240	0.783	G-C
1.550	0.501	0.775	G-C
1.550	0.132	0.768	G-C
1.550	0.063	0.761	G-C
1.550	0.306	0.754	G-C
1.550	0.084	0.746	G-C
1.550	0.023	0.739	G-C
1.550	0.219	0.732	G-C
1.550	0.019	0.725	G-C
1.550	0.113	0.717	G-C
1.550	0.627	0.710	G-C
1.550	0.363	0.703	G-C
1.550	0.412	0.696	G-C
1.550	0.392	0.688	G-C
1.550	0.078	0.681	G-C
1.550	0.407	0.674	G-C
1.550	0.024	0.667	G-C
1.550	0.438	0.659	G-C
1.550	0.186	0.652	G-C
1.550	0.073	0.645	G-C
1.550	0.119	0.638	G-C
1.550	0.163	0.630	G-C
1.550	0.097	0.623	G-C
1.550	0.366	0.616	G-C
1.550	0.722	0.609	G-C
1.550	0.021	0.601	G-C
1.550	0.286	0.594	G-C
1.550	0.037	0.587	G-C
1.550	0.129	0.580	G-C
1.550	0.019	0.572	G-C
1.550	0.486	0.565	G-C
1.550	0.372	0.558	G-C
1.550	0.083	0.551	G-C
1.550	0.216	0.543	G-C
1.550	0.121	0.536	G-C
1.550	0.211	0.529	G-C
1.550	0.027	0.522	G-C
1.550	0.067	0.514	G-C
1.550	0.156	0.507	G-C
1.550	0.161	0.500	G-C
1.550	0.626	0.493	G-C
1.550	0.003	0.486	G-C
1.550	0.268	0.478	G-C
1.550	0.271	0.471	G-C
1.550	0.170	0.464	G-C
1.550	0.421	0.457	G-C
1.550	0.119	0.449	G-C
1.550	0.032	0.442	G-C
1.550	0.189	0.435	G-C
1.550	0.124	0.428	G-C
1.550	0.149	0.420	G-C
1.550	0.020	0.413	G-C
1.550	0.012	0.406	G-C
1.550	0.212	0.399	G-C
1.550	0.083	0.391	G-C
1.550	0.234	0.384	G-C
1.550	0.074	0.377	G-C
1.550	0.281	0.370	G-C
1.550	0.040	0.362	G-C
1.550	0.578	0.355	G-C
1.550	0.022	0.348	G-C
1.550	0.084	0.341	G-C
1.550	0.073	0.333	G-C
1.550	0.093	0.326	G-C
1.550	0.016	0.319	G-C
1.550	0.029	0.312	G-C
1.550	0.013	0.304	G-C
1.550	0.170	0.297	G-C
1.550	0.088	0.290	G-C
1.550	0.078	0.283	G-C
1.550	0.499	0.275	G-C
1.550	0.028	0.268	G-C
1.550	0.100	0.261	G-C
1.550	0.187	0.254	G-C
1.550	0.076	0.246	G-C
1.550	0.103	0.239	G-C
1.550	0.027	0.232	G-C
1.550	0.066	0.225	G-C
1.550	0.024	0.217	G-C
1.550	0.054	0.210	G-C
1.550	0.058	0.203	G-C
1.550	0.030	0.196	G-C
1.550	0.062	0.188	G-C
1.550	0.000	0.181	G-C
1.550	0.125	0.174	G-C
1.550	0.022	0.167	G-C
1.550	0.003	0.159	G-C
1.550	0.042	0.152	G-C
1.550	0.185	0.145	G-C
1.550	0.009	0.138	G-C
1.550	0.025	0.130	G-C
1.550	0.161	0.123	G-C
1.550	0.147	0.116	G-C
1.550	0.035	0.109	G-C
1.550	0.089	0.101	G-C
1.550	0.021	0.094	G-C
1.550	0.137	0.087	G-C
1.550	0.078	0.080	G-C
1.550	0.037	0.072	G-C
1.550	0.108	0.065	G-C
1.550	0.019	0.058	G-C
1.550	0.001	0.051	G-C
1.550	0.021	0.043	G-C
1.550	0.078	0.036	G-C
1.550	0.177	0.029	G-C
1.550	0.020	0.022	G-C
1.550	0.007	0.014	G-C
1.550	0.005	0.007	G-C
1.550	0.002	0.000	G-C
1.550	0.359	0.996	G-C
1.550	0.236	0.993	G-C
1.550	0.505	0.989	G-C
1.550	0.495	0.986	G-C
1.550	0.894	0.982	G-C
1.550	0.272	0.978	G-C
1.550	0.695	0.975	G-C
1.550	0.360	0.971	G-C
1.550	0.371	0.968	G-C
1.550	0.847	0.964	G-C
1.550	0.682	0.960	G-C
1.550	0.755	0.957	G-C
1.550	0.154	0.953	G-C
1.550	0.530	0.949	G-C
1.550	0.240	0.946	G-C
1.550	0.413	0.942	G-C
1.550	0.527	0.939	G-C
1.550	0.170	0.935	G-C
1.550	0.502	0.931	G-C
1.550	0.306	0.928	G-C
1.550	0.209	0.924	G-C
1.550	0.288	0.921	G-C
1.550	0.809	0.917	G-C
1.550	0.437	0.913	G-C
1.550	0.800	0.910	G-C
1.550	0.694	0.906	G-C
1.550	0.350	0.903	G-C
1.550	0.644	0.899	G-C
1.550	0.402	0.895	G-C
1.550	0.293	0.892	G-C
1.550	0.346	0.888	G-C
1.550	0.121	0.884	G-C
1.550	0.534	0.881	G-C
1.550	0.233	0.877	G-C
1.550	0.043	0.874	G-C
1.550	0.144	0.870	G-C
1.550	0.208	0.866	G-C
1.550	0.021	0.863	G-C
1.550	0.400	0.859	G-C
1.550	0.234	0.856	G-C
1.550	0.327	0.852	G-C
1.550	0.110	0.848	G-C
1.550	0.634	0.845	G-C
1.550	0.596	0.841	G-C
1.550	0.319	0.838	G-C
1.550	0.180	0.834	G-C
1.550	0.732	0.830	G-C
1.550	0.080	0.827	G-C
1.550	0.157	0.823	G-C
1.550	0.312	0.819	G-C
1.550	0.085	0.816	G-C
1.550	0.216	0.812	G-C
1.550	0.258	0.809	G-C
1.550	0.471	0.805	G-C
1.550	0.704	0.801	G-C
1.550	0.134	0.798	G-C
1.550	0.153	0.794	G-C
1.550	0.641	0.791	G-C
1.550	0.151	0.787	G-C
1.550	0.139	0.783	G-C
1.550	0.111	0.780	G-C
1.550	0.111	0.776	G-C
1.550	0.070	0.773	G-C
1.550	0.251	0.769	G-C
1.550	0.240	0.765	G-C
1.550	0.074	0.762	G-C
1.550	0.261	0.758	G-C
1.550	0.211	0.755	G-C
1.550	0.135	0.751	G-C
1.550	0.160	0.747	G-C
1.550	0.475	0.744	G-C
1.550	0.076	0.740	G-C
1.550	0.110	0.736	G-C
1.550	0.109	0.733	G-C
1.550	0.108	0.729	G-C
1.550	0.104	0.726	G-C
1.550	0.059	0.722	G-C
1.550	0.207	0.718	G-C
1.550	0.470	0.715	G-C
1.550	0.310	0.711	G-C
1.550	0.178	0.708	G-C
1.550	0.049	0.704	G-C
1.550	0.273	0.700	G-C
1.550	0.837	0.697	G-C
1.550	0.035	0.693	G-C
1.550	0.226	0.690	G-C
1.550	0.134	0.686	G-C
1.550	0.389	0.682	G-C
1.550	0.172	0.679	G-C
1.550	0.178	0.675	G-C
1.550	0.048	0.671	G-C
1.550	0.012	0.668	G-C
1.550	0.138	0.664	G-C
1.550	0.067	0.661	G-C
1.550	0.029	0.657	G-C
1.550	0.144	0.653	G-C
1.550	0.032	0.650	G-C
1.550	0.020	0.646	G-C
1.550	0.334	0.643	G-C
1.550	0.238	0.639	G-C
1.550	0.017	0.635	G-C
1.550	0.263	0.632	G-C
1.550	0.314	0.628	G-C
1.550	0.510	0.625	G-C
1.550	0.264	0.621	G-C
1.550	0.532	0.617	G-C
1.550	0.010	0.614	G-C
1.550	0.086	0.610	G-C
1.550	0.063	0.606	G-C
1.550	0.218	0.603	G-C
1.550	0.026	0.599	G-C
1.550	0.130	0.596	G-C
1.550	0.092	0.592	G-C
1.550	0.415	0.588	G-C
1.550	0.225	0.585	G-C
1.550	0.549	0.581	G-C
1.550	0.101	0.578	G-C
1.550	0.075	0.574	G-C
1.550	0.024	0.570	G-C
1.550	0.044	0.567	G-C
1.550	0.157	0.563	G-C
1.550	0.028	0.560	G-C
1.550	0.076	0.556	G-C
1.550	0.276	0.552	G-C
1.550	0.631	0.549	G-C
1.550	0.780	0.545	G-C
1.550	0.125	0.542	G-C
1.550	0.492	0.538	G-C
1.550	0.103	0.534	G-C
1.550	0.058	0.531	G-C
1.550	0.005	0.527	G-C
1.550	0.076	0.523	G-C
1.550	0.014	0.520	G-C
1.550	0.034	0.516	G-C
1.550	0.146	0.513	G-C
1.550	0.389	0.509	G-C
1.550	0.375	0.505	G-C
1.550	0.122	0.502	G-C
1.550	0.085	0.498	G-C
1.550	0.200	0.495	G-C
1.550	0.076	0.491	G-C
1.550	0.095	0.487	G-C
1.550	0.065	0.484	G-C
1.550	0.049	0.480	G-C
1.550	0.079	0.477	G-C
1.550	0.038	0.473	G-C
1.550	0.113	0.469	G-C
1.550	0.290	0.466	G-C
1.550	0.094	0.462	G-C
1.550	0.549	0.458	G-C
1.550	0.019	0.455	G-C
1.550	0.216	0.451	G-C
1.550	0.040	0.448	G-C
1.550	0.018	0.444	G-C
1.550	0.092	0.440	G-C
1.550	0.163	0.437	G-C
1.550	0.048	0.433	G-C
1.550	0.050	0.430	G-C
1.550	0.059	0.426	G-C
1.550	0.247	0.422	G-C
1.550	0.105	0.419	G-C
1.550	0.116	0.415	G-C
1.550	0.075	0.412	G-C
1.550	0.112	0.408	G-C
1.550	0.021	0.404	G-C
1.550	0.215	0.401	G-C
1.550	0.346	0.397	G-C
1.550	0.050	0.394	G-C
1.550	0.146	0.390	G-C
1.550	0.093	0.386	G-C
1.550	0.035	0.383	G-C
1.550	0.192	0.379	G-C
1.550	0.392	0.375	G-C
1.550	0.046	0.372	G-C
1.550	0.596	0.368	G-C
1.550	0.095	0.365	G-C
1.550	0.123	0.361	G-C
1.550	0.197	0.357	G-C
1.550	0.237	0.354	G-C
1.550	0.013	0.350	G-C
1.550	0.028	0.347	G-C
1.550	0.013	0.343	G-C
1.550	0.100	0.339	G-C
1.550	0.260	0.336	G-C
1.550	0.239	0.332	G-C
1.550	0.105	0.329	G-C
1.550	0.086	0.325	G-C
1.550	0.122	0.321	G-C
1.550	0.041	0.318	G-C
1.550	0.009	0.314	G-C
1.550	0.015	0.310	G-C
1.550	0.157	0.307	G-C
1.550	0.074	0.303	G-C
1.550	0.041	0.300	G-C
1.550	0.018	0.296	G-C
1.550	0.250	0.292	G-C
1.550	0.072	0.289	G-C
1.550	0.103	0.285	G-C
1.550	0.023	0.282	G-C
1.550	0.067	0.278	G-C
1.550	0.071	0.274	G-C
1.550	0.039	0.271	G-C
1.550	0.020	0.267	G-C
1.550	0.033	0.264	G-C
1.550	0.226	0.260	G-C
1.550	0.130	0.256	G-C
1.550	0.282	0.253	G-C
1.550	0.037	0.249	G-C
1.550	0.030	0.245	G-C
1.550	0.301	0.242	G-C
1.550	0.507	0.238	G-C
1.550	0.054	0.235	G-C
1.550	0.040	0.231	G-C
1.550	0.314	0.227	G-C
1.550	0.040	0.224	G-C
1.550	0.036	0.220	G-C
1.550	0.484	0.217	G-C
1.550	0.059	0.213	G-C
1.550	0.014	0.209	G-C
1.550	0.410	0.206	G-C
1.550	0.070	0.202	G-C
1.550	0.078	0.199	G-C
1.550	0.061	0.195	G-C
1.550	0.093	0.191	G-C
1.550	0.045	0.188	G-C
1.550	0.020	0.184	G-C
1.550	0.050	0.181	G-C
1.550	0.030	0.177	G-C
1.550	0.047	0.173	G-C
1.550	0.040	0.170	G-C
1.550	0.542	0.166	G-C
1.550	0.093	0.162	G-C
1.550	0.272	0.159	G-C
1.550	0.078	0.155	G-C
1.550	0.060	0.152	G-C
1.550	0.206	0.148	G-C
1.550	0.004	0.144	G-C
1.550	0.033	0.141	G-C
1.550	0.206	0.137	G-C
1.550	0.249	0.134	G-C
1.550	0.041	0.130	G-C
1.550	0.421	0.126	G-C
1.550	0.029	0.123	G-C
1.550	0.027	0.119	G-C
1.550	0.009	0.116	G-C
1.550	0.035	0.112	G-C
1.550	0.017	0.108	G-C
1.550	0.055	0.105	G-C
1.550	0.002	0.101	G-C
1.550	0.019	0.097	G-C
1.550	0.098	0.094	G-C
1.550	0.090	0.090	G-C
1.550	0.013	0.087	G-C
1.550	0.051	0.083	G-C
1.550	0.018	0.079	G-C
1.550	0.008	0.076	G-C
1.550	0.015	0.072	G-C
1.550	0.018	0.069	G-C
1.550	0.052	0.065	G-C
1.550	0.105	0.061	G-C
1.550	0.006	0.058	G-C
1.550	0.043	0.054	G-C
1.550	0.056	0.051	G-C
1.550	0.030	0.047	G-C
1.550	0.039	0.043	G-C
1.550	0.035	0.040	G-C
1.550	0.033	0.036	G-C
1.550	0.262	0.032	G-C
1.550	0.042	0.029	G-C
1.550	0.009	0.025	G-C
1.550	0.009	0.022	G-C
1.550	0.114	0.018	G-C
1.550	0.047	0.014	G-C
1.550	0.297	0.011	G-C
1.550	0.149	0.007	G-C
1.550	0.036	0.004	G-C
1.550	0.204	0.000	G-C
1.550	0.780	0.996	G-C
1.550	0.555	0.992	G-C
1.550	0.058	0.987	G-C
1.550	0.175	0.983	G-C
1.550	0.104	0.979	G-C
1.550	0.791	0.975	G-C
1.550	0.232	0.971	G-C
1.550	0.668	0.967	G-C
1.550	0.383	0.962	G-C
1.550	0.569	0.958	G-C
1.550	0.730	0.954	G-C
1.550	0.170	0.950	G-C
1.550	0.814	0.946	G-C
1.550	0.584	0.941	G-C
1.550	0.113	0.937	G-C
1.550	0.151	0.933	G-C
1.550	0.456	0.929	G-C
1.550	0.790	0.925	G-C
1.550	0.073	0.921	G-C
1.550	0.480	0.916	G-C
1.550	0.873	0.912	G-C
1.550	0.327	0.908	G-C
1.550	0.091	0.904	G-C
1.550	0.568	0.900	G-C
1.550	0.336	0.895	G-C
1.550	0.552	0.891	G-C
1.550	0.168	0.887	G-C
1.550	0.498	0.883	G-C
1.550	0.289	0.879	G-C
1.550	0.134	0.874	G-C
1.550	0.112	0.870	G-C
1.550	0.196	0.866	G-C
1.550	0.145	0.862	G-C
1.550	0.050	0.858	G-C
1.550	0.135	0.854	G-C
1.550	0.439	0.849	G-C
1.550	0.401	0.845	G-C
1.550	0.287	0.841	G-C
1.550	0.183	0.837	G-C
1.550	0.536	0.833	G-C
1.550	0.094	0.828	G-C
1.550	0.765	0.824	G-C
1.550	0.514	0.820	G-C
1.550	0.565	0.816	G-C
1.550	0.080	0.812	G-C
1.550	0.328	0.808	G-C
1.550	0.571	0.803	G-C
1.550	0.300	0.799	G-C
1.550	0.030	0.795	G-C
1.550	0.172	0.791	G-C
1.550	0.054	0.787	G-C
1.550	0.005	0.782	G-C
1.550	0.263	0.778	G-C
1.550	0.484	0.774	G-C
1.550	0.300	0.770	G-C
1.550	0.364	0.766	G-C
1.550	0.114	0.762	G-C
1.550	0.149	0.757	G-C
1.550	0.244	0.753	G-C
1.550	0.097	0.749	G-C
1.550	0.558	0.745	G-C
1.550	0.060	0.741	G-C
1.550	0.274	0.736	G-C
1.550	0.478	0.732	G-C
1.550	0.127	0.728	G-C
1.550	0.343	0.724	G-C
1.550	0.295	0.720	G-C
1.550	0.425	0.715	G-C
1.550	0.252	0.711	G-C
1.550	0.258	0.707	G-C
1.550	0.149	0.703	G-C
1.550	0.095	0.699	G-C
1.550	0.068	0.695	G-C
1.550	0.637	0.690	G-C
1.550	0.248	0.686	G-C
1.550	0.103	0.682	G-C
1.550	0.174	0.678	G-C
1.550	0.346	0.674	G-C
1.550	0.253	0.669	G-C
1.550	0.704	0.665	G-C
1.550	0.073	0.661	G-C
1.550	0.267	0.657	G-C
1.550	0.346	0.653	G-C
1.550	0.214	0.649	G-C
1.550	0.080	0.644	G-C
1.550	0.034	0.640	G-C
1.550	0.533	0.636	G-C
1.550	0.164	0.632	G-C
1.550	0.226	0.628	G-C
1.550	0.285	0.623	G-C
1.550	0.327	0.619	G-C
1.550	0.275	0.615	G-C
1.550	0.190	0.611	G-C
1.550	0.053	0.607	G-C
1.550	0.122	0.603	G-C
1.550	0.043	0.598	G-C
1.550	0.061	0.594	G-C
1.550	0.028	0.590	G-C
1.550	0.444	0.586	G-C
1.550	0.172	0.582	G-C
1.550	0.092	0.577	G-C
1.550	0.014	0.573	G-C
1.550	0.035	0.569	G-C
1.550	0.037	0.565	G-C
1.550	0.553	0.561	G-C
1.550	0.817	0.556	G-C
1.550	0.041	0.552	G-C
1.550	0.052	0.548	G-C
1.550	0.133	0.544	G-C
1.550	0.038	0.540	G-C
1.550	0.042	0.536	G-C
1.550	0.269	0.531	G-C
1.550	0.255	0.527	G-C
1.550	0.021	0.523	G-C
1.550	0.016	0.519	G-C
1.550	0.061	0.515	G-C
1.550	0.049	0.510	G-C
1.550	0.038	0.506	G-C
1.550	0.058	0.502	G-C
1.550	0.086	0.498	G-C
1.550	0.029	0.494	G-C
1.550	0.210	0.490	G-C
1.550	0.012	0.485	G-C
1.550	0.096	0.481	G-C
1.550	0.024	0.477	G-C
1.550	0.013	0.473	G-C
1.550	0.236	0.469	G-C
1.550	0.007	0.464	G-C
1.550	0.354	0.460	G-C
1.550	0.057	0.456	G-C
1.550	0.062	0.452	G-C
1.550	0.337	0.448	G-C
1.550	0.063	0.444	G-C
1.550	0.111	0.439	G-C
1.550	0.295	0.435	G-C
1.550	0.120	0.431	G-C
1.550	0.098	0.427	G-C
1.550	0.136	0.423	G-C
1.550	0.295	0.418	G-C
1.550	0.048	0.414	G-C
1.550	0.096	0.410	G-C
1.550	0.038	0.406	G-C
1.550	0.008	0.402	G-C
1.550	0.042	0.397	G-C
1.550	0.101	0.393	G-C
1.550	0.014	0.389	G-C
1.550	0.239	0.385	G-C
1.550	0.656	0.381	G-C
1.550	0.063	0.377	G-C
1.550	0.058	0.372	G-C
1.550	0.095	0.368	G-C
1.550	0.005	0.364	G-C
1.550	0.209	0.360	G-C
1.550	0.025	0.356	G-C
1.550	0.001	0.351	G-C
1.550	0.153	0.347	G-C
1.550	0.076	0.343	G-C
1.550	0.262	0.339	G-C
1.550	0.027	0.335	G-C
1.550	0.443	0.331	G-C
1.550	0.071	0.326	G-C
1.550	0.007	0.322	G-C
1.550	0.009	0.318	G-C
1.550	0.368	0.314	G-C
1.550	0.120	0.310	G-C
1.550	0.184	0.305	G-C
1.550	0.449	0.301	G-C
1.550	0.100	0.297	G-C
1.550	0.026	0.293	G-C
1.550	0.107	0.289	G-C
1.550	0.177	0.285	G-C
1.550	0.022	0.280	G-C
1.550	0.138	0.276	G-C
1.550	0.006	0.272	G-C
1.550	0.083	0.268	G-C
1.550	0.061	0.264	G-C
1.550	0.356	0.259	G-C
1.550	0.033	0.255	G-C
1.550	0.042	0.251	G-C
1.550	0.195	0.247	G-C
1.550	0.187	0.243	G-C
1.550	0.014	0.238	G-C
1.550	0.073	0.234	G-C
1.550	0.074	0.230	G-C
1.550	0.078	0.226	G-C
1.550	0.012	0.222	G-C
1.550	0.360	0.218	G-C
1.550	0.107	0.213	G-C
1.550	0.028	0.209	G-C
1.550	0.033	0.205	G-C
1.550	0.203	0.201	G-C
1.550	0.188	0.197	G-C
1.550	0.063	0.192	G-C
1.550	0.015	0.188	G-C
1.550	0.084	0.184	G-C
1.550	0.036	0.180	G-C
1.550	0.098	0.176	G-C
1.550	0.155	0.172	G-C
1.550	0.182	0.167	G-C
1.550	0.010	0.163	G-C
1.550	0.056	0.159	G-C
1.550	0.022	0.155	G-C
1.550	0.243	0.151	G-C
1.550	0.082	0.146	G-C
1.550	0.026	0.142	G-C
1.550	0.009	0.138	G-C
1.550	0.003	0.134	G-C
1.550	0.004	0.130	G-C
1.550	0.030	0.126	G-C
1.550	0.023	0.121	G-C
1.550	0.198	0.117	G-C
1.550	0.104	0.113	G-C
1.550	0.086	0.109	G-C
1.550	0.021	0.105	G-C
1.550	0.002	0.100	G-C
1.550	0.018	0.096	G-C
1.550	0.056	0.092	G-C
1.550	0.199	0.088	G-C
1.550	0.015	0.084	G-C
1.550	0.068	0.079	G-C
1.550	0.114	0.075	G-C
1.550	0.009	0.071	G-C
1.550	0.002	0.067	G-C
1.550	0.006	0.063	G-C
1.550	0.020	0.059	G-C
1.550	0.177	0.054	G-C
1.550	0.031	0.050	G-C
1.550	0.013	0.046	G-C
1.550	0.016	0.042	G-C
1.550	0.080	0.038	G-C
1.550	0.010	0.033	G-C
1.550	0.104	0.029	G-C
1.550	0.065	0.025	G-C
1.550	0.006	0.021	G-C
1.550	0.062	0.017	G-C
1.550	0.021	0.013	G-C
1.550	0.084	0.008	G-C
1.550	0.009	0.004	G-C
1.550	0.067	0.000	G-C
1.550	0.448	0.994	G-C
1.550	0.206	0.988	G-C
1.550	0.411	0.982	G-C
1.550	0.719	0.976	G-C
1.550	0.723	0.970	G-C
1.550	0.118	0.964	G-C
1.550	0.217	0.959	G-C
1.550	0.248	0.953	G-C
1.550	0.555	0.947	G-C
1.550	0.328	0.941	G-C
1.550	0.846	0.935	G-C
1.550	0.830	0.929	G-C
1.550	0.123	0.923	G-C
1.550	0.170	0.917	G-C
1.550	0.489	0.911	G-C
1.550	0.283	0.905	G-C
1.550	0.529	0.899	G-C
1.550	0.149	0.893	G-C
1.550	0.111	0.888	G-C
1.550	0.320	0.882	G-C
1.550	0.158	0.876	G-C
1.550	0.940	0.870	G-C
1.550	0.452	0.864	G-C
1.550	0.496	0.858	G-C
1.550	0.037	0.852	G-C
1.550	0.836	0.846	G-C
1.550	0.274	0.840	G-C
1.550	0.704	0.834	G-C
1.550	0.320	0.828	G-C
1.550	0.045	0.822	G-C
1.550	0.283	0.817	G-C
1.550	0.144	0.811	G-C
1.550	0.196	0.805	G-C
1.550	0.562	0.799	G-C
1.550	0.532	0.793	G-C
1.550	0.014	0.787	G-C
1.550	0.411	0.781	G-C
1.550	0.079	0.775	G-C
1.550	0.312	0.769	G-C
1.550	0.039	0.763	G-C
1.550	0.165	0.757	G-C
1.550	0.345	0.751	G-C
1.550	0.131	0.746	G-C
1.550	0.048	0.740	G-C
1.550	0.425	0.734	G-C
1.550	0.473	0.728	G-C
1.550	0.217	0.722	G-C
1.550	0.049	0.716	G-C
1.550	0.538	0.710	G-C
1.550	0.255	0.704	G-C
1.550	0.050	0.698	G-C
1.550	0.482	0.692	G-C
1.550	0.120	0.686	G-C
1.550	0.415	0.680	G-C
1.550	0.044	0.675	G-C
1.550	0.176	0.669	G-C
1.550	0.157	0.663	G-C
1.550	0.227	0.657	G-C
1.550	0.315	0.651	G-C
1.550	0.045	0.645	G-C
1.550	0.023	0.639	G-C
1.550	0.080	0.633	G-C
1.550	0.115	0.627	G-C
1.550	0.026	0.621	G-C
1.550	0.029	0.615	G-C
1.550	0.146	0.609	G-C
1.550	0.035	0.604	G-C
1.550	0.400	0.598	G-C
1.550	0.104	0.592	G-C
1.550	0.678	0.586	G-C
1.550	0.583	0.580	G-C
1.550	0.079	0.574	G-C
1.550	0.084	0.568	G-C
1.550	0.153	0.562	G-C
1.550	0.044	0.556	G-C
1.550	0.043	0.550	G-C
1.550	0.012	0.544	G-C
1.550	0.418	0.538	G-C
1.550	0.392	0.533	G-C
1.550	0.319	0.527	G-C
1.550	0.203	0.521	G-C
1.550	0.101	0.515	G-C
1.550	0.033	0.509	G-C
1.550	0.046	0.503	G-C
1.550	0.063	0.497	G-C
1.550	0.281	0.491	G-C
1.550	0.130	0.485	G-C
1.550	0.058	0.479	G-C
1.550	0.067	0.473	G-C
1.550	0.007	0.467	G-C
1.550	0.140	0.462	G-C
1.550	0.083	0.456	G-C
1.550	0.104	0.450	G-C
1.550	0.010	0.444	G-C
1.550	0.279	0.438	G-C
1.550	0.045	0.432	G-C
1.550	0.071	0.426	G-C
1.550	0.020	0.420	G-C
1.550	0.042	0.414	G-C
1.550	0.102	0.408	G-C
1.550	0.075	0.402	G-C
1.550	0.201	0.396	G-C
1.550	0.023	0.391	G-C
1.550	0.023	0.385	G-C
1.550	0.033	0.379	G-C
1.550	0.055	0.373	G-C
1.550	0.238	0.367	G-C
1.550	0.207	0.361	G-C
1.550	0.413	0.355	G-C
1.550	0.454	0.349	G-C
1.550	0.010	0.343	G-C
1.550	0.202	0.337	G-C
1.550	0.147	0.331	G-C
1.550	0.015	0.325	G-C
1.550	0.492	0.320	G-C
1.550	0.027	0.314	G-C
1.550	0.085	0.308	G-C
1.550	0.118	0.302	G-C
1.550	0.162	0.296	G-C
1.550	0.352	0.290	G-C
1.550	0.071	0.284	G-C
1.550	0.175	0.278	G-C
1.550	0.045	0.272	G-C
1.550	0.048	0.266	G-C
1.550	0.460	0.260	G-C
1.550	0.296	0.254	G-C
1.550	0.076	0.249	G-C
1.550	0.169	0.243	G-C
1.550	0.014	0.237	G-C
1.550	0.210	0.231	G-C
1.550	0.025	0.225	G-C
1.550	0.128	0.219	G-C
1.550	0.003	0.213	G-C
1.550	0.610	0.207	G-C
1.550	0.039	0.201	G-C
1.550	0.022	0.195	G-C
1.550	0.015	0.189	G-C
1.550	0.052	0.183	G-C
1.550	0.014	0.178	G-C
1.550	0.113	0.172	G-C
1.550	0.122	0.166	G-C
1.550	0.455	0.160	G-C
1.550	0.001	0.154	G-C
1.550	0.067	0.148	G-C
1.550	0.123	0.142	G-C
1.550	0.174	0.136	G-C
1.550	0.046	0.130	G-C
1.550	0.014	0.124	G-C
1.550	0.037	0.118	G-C
1.550	0.012	0.112	G-C
1.550	0.031	0.107	G-C
1.550	0.100	0.101	G-C
1.550	0.058	0.095	G-C
1.550	0.087	0.089	G-C
1.550	0.095	0.083	G-C
1.550	0.009	0.077	G-C
1.550	0.012	0.071	G-C
1.550	0.012	0.065	G-C
1.550	0.010	0.059	G-C
1.550	0.024	0.053	G-C
1.550	0.062	0.047	G-C
1.550	0.071	0.041	G-C
1.550	0.029	0.036	G-C
1.550	0.007	0.030	G-C
1.550	0.019	0.024	G-C
1.550	0.099	0.018	G-C
1.550	0.024	0.012	G-C
1.550	0.058	0.006	G-C
1.550	0.085	0.000	G-C
1.550	0.258	0.984	G-C
1.550	0.767	0.968	G-C
1.550	0.837	0.952	G-C
1.550	0.272	0.935	G-C
1.550	0.079	0.919	G-C
1.550	0.241	0.903	G-C
1.550	0.476	0.887	G-C
1.550	0.594	0.871	G-C
1.550	0.174	0.855	G-C
1.550	0.096	0.839	G-C
1.550	0.281	0.823	G-C
1.550	0.250	0.806	G-C
1.550	0.627	0.790	G-C
1.550	0.105	0.774	G-C
1.550	0.045	0.758	G-C
1.550	0.460	0.742	G-C
1.550	0.800	0.726	G-C
1.550	0.557	0.710	G-C
1.550	0.106	0.694	G-C
1.550	0.305	0.677	G-C
1.550	0.190	0.661	G-C
1.550	0.015	0.645	G-C
1.550	0.023	0.629	G-C
1.550	0.155	0.613	G-C
1.550	0.112	0.597	G-C
1.550	0.162	0.581	G-C
1.550	0.115	0.565	G-C
1.550	0.031	0.548	G-C
1.550	0.549	0.532	G-C
1.550	0.072	0.516	G-C
1.550	0.200	0.500	G-C
1.550	0.191	0.484	G-C
1.550	0.065	0.468	G-C
1.550	0.205	0.452	G-C
1.550	0.015	0.435	G-C
1.550	0.016	0.419	G-C
1.550	0.228	0.403	G-C
1.550	0.025	0.387	G-C
1.550	0.287	0.371	G-C
1.550	0.021	0.355	G-C
1.550	0.110	0.339	G-C
1.550	0.154	0.323	G-C
1.550	0.023	0.306	G-C
1.550	0.035	0.290	G-C
1.550	0.015	0.274	G-C
1.550	0.044	0.258	G-C
1.550	0.087	0.242	G-C
1.550	0.179	0.226	G-C
1.550	0.029	0.210	G-C
1.550	0.042	0.194	G-C
1.550	0.045	0.177	G-C
1.550	0.073	0.161	G-C
1.550	0.493	0.145	G-C
1.550	0.334	0.129	G-C
1.550	0.072	0.113	G-C
1.550	0.006	0.097	G-C
1.550	0.146	0.081	G-C
1.550	0.039	0.065	G-C
1.550	0.102	0.048	G-C
1.550	0.076	0.032	G-C
1.550	0.125	0.016	G-C
1.550	0.059	0.000	G-C
