delta_e	sgScore	rank	sequence
0.450	0.081	0.990	GG-CC
0.450	0.525	0.982	GG-CC
0.450	0.518	0.976	GG-CC
0.450	0.470	0.976	GG-CC
0.450	0.264	0.973	GG-CC
0.450	0.847	0.970	GG-CC
0.450	0.473	0.969	GG-CC
0.450	0.336	0.969	GG-CC
0.450	0.580	0.968	GG-CC
0.450	0.489	0.968	GG-CC
0.450	0.746	0.967	GG-CC
0.450	0.369	0.967	GG-CC
0.450	0.558	0.965	GG-CC
0.450	0.082	0.962	GG-CC
0.450	0.884	0.956	GG-CC
0.450	0.783	0.953	GG-CC
0.450	0.334	0.948	GG-CC
0.450	0.384	0.944	GG-CC
0.450	0.264	0.944	GG-CC
0.450	0.452	0.941	GG-CC
0.450	0.346	0.937	GG-CC
0.450	0.199	0.937	GG-CC
0.450	0.675	0.936	GG-CC
0.450	0.193	0.933	GG-CC
0.450	0.477	0.932	GG-CC
0.450	0.284	0.930	GG-CC
0.450	0.184	0.929	GG-CC
0.450	0.735	0.923	GG-CC
0.450	0.028	0.922	GG-CC
0.450	0.078	0.915	GG-CC
0.450	0.929	0.914	GG-CC
0.450	0.287	0.907	GG-CC
0.450	0.207	0.904	GG-CC
0.450	0.100	0.904	GG-CC
0.450	0.446	0.902	GG-CC
0.450	0.039	0.902	GG-CC
0.450	0.379	0.901	GG-CC
0.450	0.464	0.899	GG-CC
0.450	0.022	0.899	GG-CC
0.450	0.377	0.895	GG-CC
0.450	0.118	0.893	GG-CC
0.450	0.163	0.887	GG-CC
0.450	0.139	0.887	GG-CC
0.450	0.842	0.885	GG-CC
0.450	0.121	0.879	GG-CC
0.450	0.821	0.876	GG-CC
0.450	0.058	0.876	GG-CC
0.450	0.355	0.875	GG-CC
0.450	0.453	0.873	GG-CC
0.450	0.256	0.873	GG-CC
0.450	0.342	0.871	GG-CC
0.450	0.066	0.869	GG-CC
0.450	0.039	0.863	GG-CC
0.450	0.315	0.859	GG-CC
0.450	0.456	0.858	GG-CC
0.450	0.349	0.848	GG-CC
0.450	0.434	0.845	GG-CC
0.450	0.329	0.845	GG-CC
0.450	0.714	0.842	GG-CC
0.450	0.268	0.842	GG-CC
0.450	0.456	0.841	GG-CC
0.450	0.203	0.841	GG-CC
0.450	0.039	0.841	GG-CC
0.450	0.271	0.831	GG-CC
0.450	0.169	0.831	GG-CC
0.450	0.247	0.830	GG-CC
0.450	0.617	0.827	GG-CC
0.450	0.159	0.827	GG-CC
0.450	0.336	0.822	GG-CC
0.450	0.678	0.821	GG-CC
0.450	0.028	0.820	GG-CC
0.450	0.536	0.815	GG-CC
0.450	0.177	0.815	GG-CC
0.450	0.219	0.811	GG-CC
0.450	0.497	0.810	GG-CC
0.450	0.216	0.810	GG-CC
0.450	0.505	0.807	GG-CC
0.450	0.663	0.801	GG-CC
0.450	0.104	0.797	GG-CC
0.450	0.402	0.795	GG-CC
0.450	0.107	0.795	GG-CC
0.450	0.041	0.795	GG-CC
0.450	0.581	0.793	GG-CC
0.450	0.190	0.793	GG-CC
0.450	0.137	0.791	GG-CC
0.450	0.135	0.785	GG-CC
0.450	0.161	0.782	GG-CC
0.450	0.329	0.779	GG-CC
0.450	0.079	0.779	GG-CC
0.450	0.437	0.777	GG-CC
0.450	0.083	0.775	GG-CC
0.450	0.035	0.773	GG-CC
0.450	0.381	0.771	GG-CC
0.450	0.203	0.770	GG-CC
0.450	0.188	0.769	GG-CC
0.450	0.121	0.769	GG-CC
0.450	0.061	0.769	GG-CC
0.450	0.068	0.766	GG-CC
0.450	0.282	0.763	GG-CC
0.450	0.147	0.759	GG-CC
0.450	0.479	0.757	GG-CC
0.450	0.418	0.751	GG-CC
0.450	0.326	0.751	GG-CC
0.450	0.122	0.749	GG-CC
0.450	0.201	0.747	GG-CC
0.450	0.120	0.743	GG-CC
0.450	0.433	0.737	GG-CC
0.450	0.060	0.736	GG-CC
0.450	0.003	0.734	GG-CC
0.450	0.301	0.733	GG-CC
0.450	0.314	0.726	GG-CC
0.450	0.535	0.722	GG-CC
0.450	0.139	0.721	GG-CC
0.450	0.397	0.720	GG-CC
0.450	0.222	0.719	GG-CC
0.450	0.158	0.715	GG-CC
0.450	0.015	0.714	GG-CC
0.450	0.198	0.710	GG-CC
0.450	0.226	0.709	GG-CC
0.450	0.023	0.709	GG-CC
0.450	0.315	0.704	GG-CC
0.450	0.188	0.704	GG-CC
0.450	0.539	0.703	GG-CC
0.450	0.099	0.703	GG-CC
0.450	0.325	0.700	GG-CC
0.450	0.310	0.699	GG-CC
0.450	0.103	0.699	GG-CC
0.450	0.144	0.698	GG-CC
0.450	0.106	0.697	GG-CC
0.450	0.587	0.696	GG-CC
0.450	0.081	0.695	GG-CC
0.450	0.085	0.691	GG-CC
0.450	0.008	0.688	GG-CC
0.450	0.262	0.686	GG-CC
0.450	0.025	0.686	GG-CC
0.450	0.262	0.685	GG-CC
0.450	0.161	0.685	GG-CC
0.450	0.147	0.684	GG-CC
0.450	0.448	0.681	GG-CC
0.450	0.035	0.681	GG-CC
0.450	0.105	0.680	GG-CC
0.450	0.139	0.678	GG-CC
0.450	0.130	0.678	GG-CC
0.450	0.080	0.678	GG-CC
0.450	0.127	0.676	GG-CC
0.450	0.485	0.674	GG-CC
0.450	0.373	0.673	GG-CC
0.450	0.252	0.673	GG-CC
0.450	0.164	0.673	GG-CC
0.450	0.336	0.670	GG-CC
0.450	0.100	0.670	GG-CC
0.450	0.059	0.669	GG-CC
0.450	0.029	0.663	GG-CC
0.450	0.162	0.659	GG-CC
0.450	0.068	0.659	GG-CC
0.450	0.373	0.657	GG-CC
0.450	0.053	0.657	GG-CC
0.450	0.676	0.656	GG-CC
0.450	0.349	0.653	GG-CC
0.450	0.056	0.649	GG-CC
0.450	0.074	0.643	GG-CC
0.450	0.268	0.642	GG-CC
0.450	0.556	0.638	GG-CC
0.450	0.112	0.638	GG-CC
0.450	0.071	0.637	GG-CC
0.450	0.073	0.635	GG-CC
0.450	0.110	0.634	GG-CC
0.450	0.122	0.626	GG-CC
0.450	0.141	0.622	GG-CC
0.450	0.205	0.620	GG-CC
0.450	0.474	0.618	GG-CC
0.450	0.626	0.616	GG-CC
0.450	0.285	0.616	GG-CC
0.450	0.245	0.616	GG-CC
0.450	0.091	0.616	GG-CC
0.450	0.378	0.613	GG-CC
0.450	0.261	0.610	GG-CC
0.450	0.104	0.607	GG-CC
0.450	0.211	0.603	GG-CC
0.450	0.056	0.601	GG-CC
0.450	0.062	0.597	GG-CC
0.450	0.251	0.596	GG-CC
0.450	0.201	0.595	GG-CC
0.450	0.056	0.591	GG-CC
0.450	0.027	0.587	GG-CC
0.450	0.163	0.584	GG-CC
0.450	0.063	0.584	GG-CC
0.450	0.235	0.582	GG-CC
0.450	0.115	0.582	GG-CC
0.450	0.159	0.579	GG-CC
0.450	0.047	0.569	GG-CC
0.450	0.460	0.568	GG-CC
0.450	0.280	0.565	GG-CC
0.450	0.075	0.565	GG-CC
0.450	0.056	0.565	GG-CC
0.450	0.285	0.563	GG-CC
0.450	0.146	0.556	GG-CC
0.450	0.392	0.554	GG-CC
0.450	0.031	0.554	GG-CC
0.450	0.308	0.553	GG-CC
0.450	0.169	0.553	GG-CC
0.450	0.207	0.551	GG-CC
0.450	0.042	0.546	GG-CC
0.450	0.510	0.545	GG-CC
0.450	0.454	0.541	GG-CC
0.450	0.052	0.541	GG-CC
0.450	0.565	0.535	GG-CC
0.450	0.189	0.535	GG-CC
0.450	0.181	0.527	GG-CC
0.450	0.329	0.525	GG-CC
0.450	0.051	0.525	GG-CC
0.450	0.055	0.525	GG-CC
0.450	0.098	0.523	GG-CC
0.450	0.268	0.522	GG-CC
0.450	0.030	0.521	GG-CC
0.450	0.332	0.519	GG-CC
0.450	0.074	0.518	GG-CC
0.450	0.298	0.518	GG-CC
0.450	0.189	0.514	GG-CC
0.450	0.097	0.514	GG-CC
0.450	0.094	0.509	GG-CC
0.450	0.085	0.508	GG-CC
0.450	0.029	0.507	GG-CC
0.450	0.207	0.504	GG-CC
0.450	0.110	0.504	GG-CC
0.450	0.401	0.502	GG-CC
0.450	0.052	0.502	GG-CC
0.450	0.074	0.501	GG-CC
0.450	0.276	0.498	GG-CC
0.450	0.544	0.497	GG-CC
0.450	0.455	0.495	GG-CC
0.450	0.441	0.495	GG-CC
0.450	0.159	0.495	GG-CC
0.450	0.114	0.490	GG-CC
0.450	0.242	0.485	GG-CC
0.450	0.594	0.481	GG-CC
0.450	0.159	0.480	GG-CC
0.450	0.075	0.478	GG-CC
0.450	0.017	0.478	GG-CC
0.450	0.107	0.477	GG-CC
0.450	0.019	0.477	GG-CC
0.450	0.339	0.477	GG-CC
0.450	0.237	0.476	GG-CC
0.450	0.165	0.476	GG-CC
0.450	0.088	0.475	GG-CC
0.450	0.055	0.473	GG-CC
0.450	0.230	0.471	GG-CC
0.450	0.100	0.470	GG-CC
0.450	0.073	0.469	GG-CC
0.450	0.158	0.468	GG-CC
0.450	0.061	0.468	GG-CC
0.450	0.049	0.464	GG-CC
0.450	0.034	0.460	GG-CC
0.450	0.277	0.458	GG-CC
0.450	0.312	0.455	GG-CC
0.450	0.181	0.453	GG-CC
0.450	0.380	0.452	GG-CC
0.450	0.026	0.451	GG-CC
0.450	0.034	0.447	GG-CC
0.450	0.263	0.444	GG-CC
0.450	0.042	0.444	GG-CC
0.450	0.038	0.441	GG-CC
0.450	0.607	0.440	GG-CC
0.450	0.206	0.438	GG-CC
0.450	0.134	0.437	GG-CC
0.450	0.129	0.431	GG-CC
0.450	0.029	0.430	GG-CC
0.450	0.365	0.429	GG-CC
0.450	0.178	0.427	GG-CC
0.450	0.045	0.427	GG-CC
0.450	0.377	0.426	GG-CC
0.450	0.523	0.421	GG-CC
0.450	0.244	0.419	GG-CC
0.450	0.078	0.419	GG-CC
0.450	0.279	0.415	GG-CC
0.450	0.088	0.414	GG-CC
0.450	0.019	0.414	GG-CC
0.450	0.160	0.414	GG-CC
0.450	0.094	0.411	GG-CC
0.450	0.006	0.408	GG-CC
0.450	0.568	0.402	GG-CC
0.450	0.075	0.401	GG-CC
0.450	0.096	0.399	GG-CC
0.450	0.185	0.390	GG-CC
0.450	0.079	0.388	GG-CC
0.450	0.420	0.387	GG-CC
0.450	0.020	0.387	GG-CC
0.450	0.358	0.379	GG-CC
0.450	0.052	0.378	GG-CC
0.450	0.031	0.376	GG-CC
0.450	0.019	0.374	GG-CC
0.450	0.243	0.367	GG-CC
0.450	0.036	0.367	GG-CC
0.450	0.303	0.366	GG-CC
0.450	0.058	0.363	GG-CC
0.450	0.067	0.362	GG-CC
0.450	0.076	0.360	GG-CC
0.450	0.107	0.359	GG-CC
0.450	0.014	0.356	GG-CC
0.450	0.247	0.355	GG-CC
0.450	0.077	0.355	GG-CC
0.450	0.397	0.354	GG-CC
0.450	0.090	0.354	GG-CC
0.450	0.039	0.347	GG-CC
0.450	0.068	0.345	GG-CC
0.450	0.053	0.345	GG-CC
0.450	0.050	0.343	GG-CC
0.450	0.110	0.342	GG-CC
0.450	0.167	0.336	GG-CC
0.450	0.069	0.335	GG-CC
0.450	0.507	0.332	GG-CC
0.450	0.028	0.327	GG-CC
0.450	0.289	0.326	GG-CC
0.450	0.044	0.326	GG-CC
0.450	0.051	0.324	GG-CC
0.450	0.032	0.323	GG-CC
0.450	0.036	0.322	GG-CC
0.450	0.028	0.322	GG-CC
0.450	0.414	0.320	GG-CC
0.450	0.089	0.320	GG-CC
0.450	0.056	0.318	GG-CC
0.450	0.231	0.315	GG-CC
0.450	0.141	0.313	GG-CC
0.450	0.150	0.311	GG-CC
0.450	0.187	0.309	GG-CC
0.450	0.044	0.309	GG-CC
0.450	0.184	0.305	GG-CC
0.450	0.079	0.302	GG-CC
0.450	0.077	0.302	GG-CC
0.450	0.031	0.302	GG-CC
0.450	0.075	0.301	GG-CC
0.450	0.130	0.300	GG-CC
0.450	0.102	0.299	GG-CC
0.450	0.020	0.298	GG-CC
0.450	0.339	0.297	GG-CC
0.450	0.061	0.297	GG-CC
0.450	0.416	0.291	GG-CC
0.450	0.017	0.290	GG-CC
0.450	0.075	0.280	GG-CC
0.450	0.009	0.277	GG-CC
0.450	0.023	0.275	GG-CC
0.450	0.038	0.274	GG-CC
0.450	0.026	0.273	GG-CC
0.450	0.028	0.263	GG-CC
0.450	0.006	0.263	GG-CC
0.450	0.118	0.262	GG-CC
0.450	0.110	0.262	GG-CC
0.450	0.005	0.262	GG-CC
0.450	0.080	0.255	GG-CC
0.450	0.042	0.254	GG-CC
0.450	0.223	0.253	GG-CC
0.450	0.055	0.253	GG-CC
0.450	0.036	0.253	GG-CC
0.450	0.176	0.240	GG-CC
0.450	0.017	0.238	GG-CC
0.450	0.112	0.236	GG-CC
0.450	0.115	0.230	GG-CC
0.450	0.220	0.227	GG-CC
0.450	0.094	0.225	GG-CC
0.450	0.394	0.222	GG-CC
0.450	0.182	0.212	GG-CC
0.450	0.094	0.211	GG-CC
0.450	0.043	0.208	GG-CC
0.450	0.037	0.208	GG-CC
0.450	0.035	0.207	GG-CC
0.450	0.016	0.205	GG-CC
0.450	0.018	0.202	GG-CC
0.450	0.086	0.199	GG-CC
0.450	0.065	0.197	GG-CC
0.450	0.027	0.197	GG-CC
0.450	0.017	0.195	GG-CC
0.450	0.002	0.187	GG-CC
0.450	0.047	0.186	GG-CC
0.450	0.116	0.180	GG-CC
0.450	0.025	0.180	GG-CC
0.450	0.087	0.179	GG-CC
0.450	0.015	0.179	GG-CC
0.450	0.199	0.178	GG-CC
0.450	0.016	0.175	GG-CC
0.450	0.598	0.171	GG-CC
0.450	0.300	0.170	GG-CC
0.450	0.002	0.170	GG-CC
0.450	0.040	0.158	GG-CC
0.450	0.035	0.156	GG-CC
0.450	0.027	0.156	GG-CC
0.450	0.016	0.156	GG-CC
0.450	0.025	0.153	GG-CC
0.450	0.138	0.148	GG-CC
0.450	0.012	0.146	GG-CC
0.450	0.040	0.141	GG-CC
0.450	0.026	0.141	GG-CC
0.450	0.108	0.138	GG-CC
0.450	0.099	0.132	GG-CC
0.450	0.088	0.130	GG-CC
0.450	0.342	0.126	GG-CC
0.450	0.041	0.126	GG-CC
0.450	0.006	0.125	GG-CC
0.450	0.098	0.124	GG-CC
0.450	0.005	0.123	GG-CC
0.450	0.240	0.122	GG-CC
0.450	0.163	0.122	GG-CC
0.450	0.123	0.122	GG-CC
0.450	0.024	0.122	GG-CC
0.450	0.017	0.121	GG-CC
0.450	0.079	0.120	GG-CC
0.450	0.187	0.116	GG-CC
0.450	0.114	0.115	GG-CC
0.450	0.007	0.113	GG-CC
0.450	0.072	0.112	GG-CC
0.450	0.152	0.109	GG-CC
0.450	0.179	0.107	GG-CC
0.450	0.007	0.107	GG-CC
0.450	0.066	0.105	GG-CC
0.450	0.014	0.105	GG-CC
0.450	0.022	0.105	GG-CC
0.450	0.090	0.103	GG-CC
0.450	0.010	0.102	GG-CC
0.450	0.047	0.102	GG-CC
0.450	0.006	0.101	GG-CC
0.450	0.040	0.096	GG-CC
0.450	0.118	0.095	GG-CC
0.450	0.151	0.092	GG-CC
0.450	0.021	0.089	GG-CC
0.450	0.063	0.088	GG-CC
0.450	0.329	0.087	GG-CC
0.450	0.041	0.082	GG-CC
0.450	0.116	0.077	GG-CC
0.450	0.038	0.076	GG-CC
0.450	0.011	0.075	GG-CC
0.450	0.020	0.073	GG-CC
0.450	0.053	0.069	GG-CC
0.450	0.055	0.068	GG-CC
0.450	0.020	0.064	GG-CC
0.450	0.020	0.063	GG-CC
0.450	0.024	0.062	GG-CC
0.450	0.098	0.060	GG-CC
0.450	0.218	0.056	GG-CC
0.450	0.129	0.055	GG-CC
0.450	0.011	0.053	GG-CC
0.450	0.053	0.048	GG-CC
0.450	0.153	0.047	GG-CC
0.450	0.036	0.046	GG-CC
0.450	0.030	0.045	GG-CC
0.450	0.017	0.044	GG-CC
0.450	0.011	0.043	GG-CC
0.450	0.066	0.038	GG-CC
0.450	0.366	0.036	GG-CC
0.450	0.076	0.035	GG-CC
0.450	0.083	0.031	GG-CC
0.450	0.095	0.027	GG-CC
0.450	0.363	0.024	GG-CC
0.450	0.336	0.023	GG-CC
0.450	0.457	0.022	GG-CC
0.450	0.138	0.019	GG-CC
0.450	0.016	0.012	GG-CC
0.450	0.091	0.996	GG-CC
0.450	0.776	0.993	GG-CC
0.450	0.341	0.989	GG-CC
0.450	0.602	0.985	GG-CC
0.450	0.221	0.982	GG-CC
0.450	0.536	0.982	GG-CC
0.450	0.433	0.974	GG-CC
0.450	0.289	0.971	GG-CC
0.450	0.504	0.967	GG-CC
0.450	0.055	0.963	GG-CC
0.450	0.617	0.960	GG-CC
0.450	0.684	0.956	GG-CC
0.450	0.713	0.952	GG-CC
0.450	0.233	0.949	GG-CC
0.450	0.655	0.945	GG-CC
0.450	0.283	0.941	GG-CC
0.450	0.550	0.938	GG-CC
0.450	0.888	0.934	GG-CC
0.450	0.014	0.930	GG-CC
0.450	0.532	0.926	GG-CC
0.450	0.709	0.923	GG-CC
0.450	0.155	0.919	GG-CC
0.450	0.152	0.915	GG-CC
0.450	0.223	0.912	GG-CC
0.450	0.212	0.908	GG-CC
0.450	0.201	0.904	GG-CC
0.450	0.199	0.901	GG-CC
0.450	0.258	0.897	GG-CC
0.450	0.172	0.893	GG-CC
0.450	0.385	0.890	GG-CC
0.450	0.485	0.886	GG-CC
0.450	0.246	0.882	GG-CC
0.450	0.096	0.879	GG-CC
0.450	0.061	0.875	GG-CC
0.450	0.088	0.871	GG-CC
0.450	0.276	0.868	GG-CC
0.450	0.105	0.864	GG-CC
0.450	0.041	0.860	GG-CC
0.450	0.256	0.857	GG-CC
0.450	0.253	0.853	GG-CC
0.450	0.698	0.849	GG-CC
0.450	0.091	0.846	GG-CC
0.450	0.155	0.842	GG-CC
0.450	0.471	0.838	GG-CC
0.450	0.177	0.835	GG-CC
0.450	0.097	0.831	GG-CC
0.450	0.212	0.827	GG-CC
0.450	0.886	0.824	GG-CC
0.450	0.047	0.820	GG-CC
0.450	0.360	0.816	GG-CC
0.450	0.042	0.812	GG-CC
0.450	0.010	0.809	GG-CC
0.450	0.260	0.805	GG-CC
0.450	0.051	0.801	GG-CC
0.450	0.075	0.798	GG-CC
0.450	0.050	0.794	GG-CC
0.450	0.152	0.790	GG-CC
0.450	0.576	0.787	GG-CC
0.450	0.020	0.783	GG-CC
0.450	0.084	0.779	GG-CC
0.450	0.041	0.776	GG-CC
0.450	0.161	0.772	GG-CC
0.450	0.053	0.768	GG-CC
0.450	0.433	0.765	GG-CC
0.450	0.048	0.761	GG-CC
0.450	0.020	0.757	GG-CC
0.450	0.011	0.754	GG-CC
0.450	0.052	0.750	GG-CC
0.450	0.768	0.746	GG-CC
0.450	0.008	0.743	GG-CC
0.450	0.957	0.739	GG-CC
0.450	0.022	0.735	GG-CC
0.450	0.137	0.732	GG-CC
0.450	0.059	0.728	GG-CC
0.450	0.171	0.724	GG-CC
0.450	0.286	0.721	GG-CC
0.450	0.208	0.717	GG-CC
0.450	0.129	0.713	GG-CC
0.450	0.490	0.710	GG-CC
0.450	0.064	0.706	GG-CC
0.450	0.085	0.702	GG-CC
0.450	0.258	0.699	GG-CC
0.450	0.066	0.695	GG-CC
0.450	0.061	0.691	GG-CC
0.450	0.214	0.688	GG-CC
0.450	0.458	0.684	GG-CC
0.450	0.087	0.680	GG-CC
0.450	0.084	0.676	GG-CC
0.450	0.075	0.673	GG-CC
0.450	0.077	0.669	GG-CC
0.450	0.592	0.665	GG-CC
0.450	0.065	0.662	GG-CC
0.450	0.357	0.658	GG-CC
0.450	0.713	0.654	GG-CC
0.450	0.645	0.651	GG-CC
0.450	0.288	0.647	GG-CC
0.450	0.109	0.643	GG-CC
0.450	0.243	0.640	GG-CC
0.450	0.052	0.636	GG-CC
0.450	0.153	0.632	GG-CC
0.450	0.052	0.629	GG-CC
0.450	0.002	0.625	GG-CC
0.450	0.138	0.621	GG-CC
0.450	0.027	0.618	GG-CC
0.450	0.026	0.614	GG-CC
0.450	0.010	0.610	GG-CC
0.450	0.067	0.607	GG-CC
0.450	0.108	0.603	GG-CC
0.450	0.043	0.599	GG-CC
0.450	0.035	0.596	GG-CC
0.450	0.205	0.592	GG-CC
0.450	0.106	0.588	GG-CC
0.450	0.095	0.585	GG-CC
0.450	0.426	0.581	GG-CC
0.450	0.359	0.577	GG-CC
0.450	0.135	0.574	GG-CC
0.450	0.029	0.570	GG-CC
0.450	0.350	0.566	GG-CC
0.450	0.948	0.562	GG-CC
0.450	0.048	0.559	GG-CC
0.450	0.057	0.555	GG-CC
0.450	0.044	0.551	GG-CC
0.450	0.087	0.548	GG-CC
0.450	0.098	0.544	GG-CC
0.450	0.023	0.540	GG-CC
0.450	0.086	0.537	GG-CC
0.450	0.053	0.533	GG-CC
0.450	0.022	0.529	GG-CC
0.450	0.152	0.526	GG-CC
0.450	0.079	0.522	GG-CC
0.450	0.022	0.518	GG-CC
0.450	0.081	0.515	GG-CC
0.450	0.029	0.511	GG-CC
0.450	0.026	0.507	GG-CC
0.450	0.046	0.504	GG-CC
0.450	0.146	0.500	GG-CC
0.450	0.054	0.496	GG-CC
0.450	0.091	0.493	GG-CC
0.450	0.263	0.489	GG-CC
0.450	0.162	0.485	GG-CC
0.450	0.097	0.482	GG-CC
0.450	0.843	0.478	GG-CC
0.450	0.024	0.474	GG-CC
0.450	0.182	0.471	GG-CC
0.450	0.322	0.467	GG-CC
0.450	0.191	0.463	GG-CC
0.450	0.478	0.460	GG-CC
0.450	0.033	0.456	GG-CC
0.450	0.034	0.452	GG-CC
0.450	0.092	0.449	GG-CC
0.450	0.093	0.445	GG-CC
0.450	0.014	0.441	GG-CC
0.450	0.020	0.438	GG-CC
0.450	0.054	0.434	GG-CC
0.450	0.149	0.430	GG-CC
0.450	0.109	0.426	GG-CC
0.450	0.066	0.423	GG-CC
0.450	0.117	0.419	GG-CC
0.450	0.008	0.415	GG-CC
0.450	0.021	0.412	GG-CC
0.450	0.165	0.408	GG-CC
0.450	0.018	0.404	GG-CC
0.450	0.030	0.401	GG-CC
0.450	0.033	0.397	GG-CC
0.450	0.191	0.393	GG-CC
0.450	0.156	0.390	GG-CC
0.450	0.436	0.386	GG-CC
0.450	0.058	0.382	GG-CC
0.450	0.259	0.379	GG-CC
0.450	0.013	0.375	GG-CC
0.450	0.098	0.371	GG-CC
0.450	0.003	0.368	GG-CC
0.450	0.074	0.364	GG-CC
0.450	0.102	0.360	GG-CC
0.450	0.100	0.357	GG-CC
0.450	0.137	0.353	GG-CC
0.450	0.468	0.349	GG-CC
0.450	0.005	0.346	GG-CC
0.450	0.112	0.342	GG-CC
0.450	0.021	0.338	GG-CC
0.450	0.232	0.335	GG-CC
0.450	0.056	0.331	GG-CC
0.450	0.378	0.327	GG-CC
0.450	0.429	0.324	GG-CC
0.450	0.059	0.320	GG-CC
0.450	0.195	0.316	GG-CC
0.450	0.013	0.312	GG-CC
0.450	0.223	0.309	GG-CC
0.450	0.567	0.305	GG-CC
0.450	0.182	0.301	GG-CC
0.450	0.158	0.298	GG-CC
0.450	0.002	0.294	GG-CC
0.450	0.010	0.290	GG-CC
0.450	0.018	0.287	GG-CC
0.450	0.014	0.283	GG-CC
0.450	0.018	0.279	GG-CC
0.450	0.029	0.276	GG-CC
0.450	0.019	0.272	GG-CC
0.450	0.075	0.268	GG-CC
0.450	0.004	0.265	GG-CC
0.450	0.019	0.261	GG-CC
0.450	0.773	0.257	GG-CC
0.450	0.025	0.254	GG-CC
0.450	0.106	0.250	GG-CC
0.450	0.018	0.246	GG-CC
0.450	0.188	0.243	GG-CC
0.450	0.004	0.239	GG-CC
0.450	0.006	0.235	GG-CC
0.450	0.080	0.232	GG-CC
0.450	0.129	0.228	GG-CC
0.450	0.023	0.224	GG-CC
0.450	0.123	0.221	GG-CC
0.450	0.043	0.217	GG-CC
0.450	0.206	0.213	GG-CC
0.450	0.010	0.210	GG-CC
0.450	0.042	0.206	GG-CC
0.450	0.054	0.202	GG-CC
0.450	0.002	0.199	GG-CC
0.450	0.175	0.195	GG-CC
0.450	0.013	0.191	GG-CC
0.450	0.672	0.188	GG-CC
0.450	0.130	0.184	GG-CC
0.450	0.025	0.180	GG-CC
0.450	0.024	0.176	GG-CC
0.450	0.003	0.173	GG-CC
0.450	0.073	0.169	GG-CC
0.450	0.011	0.165	GG-CC
0.450	0.346	0.162	GG-CC
0.450	0.004	0.158	GG-CC
0.450	0.031	0.154	GG-CC
0.450	0.005	0.151	GG-CC
0.450	0.018	0.147	GG-CC
0.450	0.095	0.143	GG-CC
0.450	0.124	0.140	GG-CC
0.450	0.484	0.136	GG-CC
0.450	0.059	0.132	GG-CC
0.450	0.011	0.129	GG-CC
0.450	0.003	0.125	GG-CC
0.450	0.002	0.121	GG-CC
0.450	0.002	0.118	GG-CC
0.450	0.025	0.114	GG-CC
0.450	0.087	0.110	GG-CC
0.450	0.177	0.107	GG-CC
0.450	0.122	0.103	GG-CC
0.450	0.057	0.099	GG-CC
0.450	0.099	0.096	GG-CC
0.450	0.028	0.092	GG-CC
0.450	0.026	0.088	GG-CC
0.450	0.024	0.085	GG-CC
0.450	0.056	0.081	GG-CC
0.450	0.017	0.077	GG-CC
0.450	0.024	0.074	GG-CC
0.450	0.030	0.070	GG-CC
0.450	0.272	0.066	GG-CC
0.450	0.005	0.062	GG-CC
0.450	0.016	0.059	GG-CC
0.450	0.003	0.055	GG-CC
0.450	0.007	0.051	GG-CC
0.450	0.004	0.048	GG-CC
0.450	0.040	0.044	GG-CC
0.450	0.004	0.040	GG-CC
0.450	0.022	0.037	GG-CC
0.450	0.014	0.033	GG-CC
0.450	0.085	0.029	GG-CC
0.450	0.390	0.026	GG-CC
0.450	0.021	0.022	GG-CC
0.450	0.003	0.018	GG-CC
0.450	0.032	0.015	GG-CC
0.450	0.035	0.011	GG-CC
0.450	0.002	0.007	GG-CC
0.450	0.036	0.004	GG-CC
0.450	0.755	0.000	GG-CC
0.450	0.208	0.000	GG-CC
0.450	0.640	0.986	GG-CC
0.450	0.098	0.973	GG-CC
0.450	0.536	0.959	GG-CC
0.450	0.717	0.946	GG-CC
0.450	0.076	0.932	GG-CC
0.450	0.704	0.919	GG-CC
0.450	0.926	0.905	GG-CC
0.450	0.371	0.892	GG-CC
0.450	0.258	0.878	GG-CC
0.450	0.059	0.865	GG-CC
0.450	0.468	0.851	GG-CC
0.450	0.541	0.838	GG-CC
0.450	0.245	0.824	GG-CC
0.450	0.766	0.811	GG-CC
0.450	0.003	0.797	GG-CC
0.450	0.409	0.784	GG-CC
0.450	0.039	0.770	GG-CC
0.450	0.559	0.757	GG-CC
0.450	0.455	0.743	GG-CC
0.450	0.342	0.730	GG-CC
0.450	0.764	0.716	GG-CC
0.450	0.591	0.703	GG-CC
0.450	0.144	0.689	GG-CC
0.450	0.416	0.676	GG-CC
0.450	0.097	0.662	GG-CC
0.450	0.121	0.649	GG-CC
0.450	0.053	0.635	GG-CC
0.450	0.085	0.622	GG-CC
0.450	0.103	0.608	GG-CC
0.450	0.339	0.595	GG-CC
0.450	0.024	0.581	GG-CC
0.450	0.417	0.568	GG-CC
0.450	0.056	0.554	GG-CC
0.450	0.019	0.541	GG-CC
0.450	0.138	0.527	GG-CC
0.450	0.038	0.514	GG-CC
0.450	0.236	0.500	GG-CC
0.450	0.033	0.486	GG-CC
0.450	0.270	0.473	GG-CC
0.450	0.012	0.459	GG-CC
0.450	0.175	0.446	GG-CC
0.450	0.034	0.432	GG-CC
0.450	0.026	0.419	GG-CC
0.450	0.050	0.405	GG-CC
0.450	0.065	0.392	GG-CC
0.450	0.102	0.378	GG-CC
0.450	0.157	0.365	GG-CC
0.450	0.163	0.351	GG-CC
0.450	0.188	0.338	GG-CC
0.450	0.059	0.324	GG-CC
0.450	0.018	0.311	GG-CC
0.450	0.067	0.297	GG-CC
0.450	0.011	0.284	GG-CC
0.450	0.040	0.270	GG-CC
0.450	0.094	0.257	GG-CC
0.450	0.109	0.243	GG-CC
0.450	0.255	0.230	GG-CC
0.450	0.069	0.216	GG-CC
0.450	0.123	0.203	GG-CC
0.450	0.119	0.189	GG-CC
0.450	0.163	0.176	GG-CC
0.450	0.067	0.162	GG-CC
0.450	0.037	0.149	GG-CC
0.450	0.115	0.135	GG-CC
0.450	0.031	0.122	GG-CC
0.450	0.034	0.108	GG-CC
0.450	0.269	0.095	GG-CC
0.450	0.165	0.081	GG-CC
0.450	0.041	0.068	GG-CC
0.450	0.151	0.054	GG-CC
0.450	0.018	0.041	GG-CC
0.450	0.034	0.027	GG-CC
0.450	0.025	0.014	GG-CC
0.450	0.022	0.000	GG-CC
0.450	0.587	0.968	GG-CC
0.450	0.655	0.965	GG-CC
0.450	0.155	0.942	GG-CC
0.450	0.343	0.933	GG-CC
0.450	0.700	0.929	GG-CC
0.450	0.153	0.922	GG-CC
0.450	0.246	0.916	GG-CC
0.450	0.229	0.913	GG-CC
0.450	0.448	0.911	GG-CC
0.450	0.482	0.909	GG-CC
0.450	0.134	0.907	GG-CC
0.450	0.434	0.898	GG-CC
0.450	0.216	0.896	GG-CC
0.450	0.761	0.892	GG-CC
0.450	0.500	0.890	GG-CC
0.450	0.267	0.887	GG-CC
0.450	0.640	0.885	GG-CC
0.450	0.205	0.881	GG-CC
0.450	0.102	0.879	GG-CC
0.450	0.170	0.857	GG-CC
0.450	0.436	0.842	GG-CC
0.450	0.048	0.840	GG-CC
0.450	0.590	0.838	GG-CC
0.450	0.805	0.831	GG-CC
0.450	0.213	0.825	GG-CC
0.450	0.328	0.812	GG-CC
0.450	0.285	0.807	GG-CC
0.450	0.033	0.794	GG-CC
0.450	0.181	0.786	GG-CC
0.450	0.112	0.786	GG-CC
0.450	0.043	0.786	GG-CC
0.450	0.474	0.775	GG-CC
0.450	0.270	0.766	GG-CC
0.450	0.106	0.760	GG-CC
0.450	0.071	0.755	GG-CC
0.450	0.014	0.745	GG-CC
0.450	0.349	0.745	GG-CC
0.450	0.214	0.742	GG-CC
0.450	0.156	0.736	GG-CC
0.450	0.613	0.714	GG-CC
0.450	0.189	0.712	GG-CC
0.450	0.068	0.706	GG-CC
0.450	0.052	0.699	GG-CC
0.450	0.090	0.690	GG-CC
0.450	0.056	0.690	GG-CC
0.450	0.035	0.684	GG-CC
0.450	0.323	0.680	GG-CC
0.450	0.064	0.675	GG-CC
0.450	0.609	0.673	GG-CC
0.450	0.072	0.673	GG-CC
0.450	0.079	0.656	GG-CC
0.450	0.030	0.634	GG-CC
0.450	0.356	0.630	GG-CC
0.450	0.059	0.608	GG-CC
0.450	0.288	0.606	GG-CC
0.450	0.246	0.606	GG-CC
0.450	0.109	0.606	GG-CC
0.450	0.072	0.597	GG-CC
0.450	0.038	0.593	GG-CC
0.450	0.054	0.591	GG-CC
0.450	0.026	0.591	GG-CC
0.450	0.219	0.580	GG-CC
0.450	0.069	0.580	GG-CC
0.450	0.190	0.578	GG-CC
0.450	0.045	0.576	GG-CC
0.450	0.008	0.576	GG-CC
0.450	0.559	0.567	GG-CC
0.450	0.288	0.565	GG-CC
0.450	0.027	0.561	GG-CC
0.450	0.273	0.548	GG-CC
0.450	0.110	0.548	GG-CC
0.450	0.312	0.539	GG-CC
0.450	0.018	0.539	GG-CC
0.450	0.042	0.537	GG-CC
0.450	0.038	0.524	GG-CC
0.450	0.065	0.513	GG-CC
0.450	0.066	0.511	GG-CC
0.450	0.119	0.494	GG-CC
0.450	0.003	0.489	GG-CC
0.450	0.181	0.478	GG-CC
0.450	0.299	0.457	GG-CC
0.450	0.010	0.457	GG-CC
0.450	0.078	0.450	GG-CC
0.450	0.034	0.448	GG-CC
0.450	0.025	0.448	GG-CC
0.450	0.005	0.448	GG-CC
0.450	0.129	0.444	GG-CC
0.450	0.476	0.439	GG-CC
0.450	0.095	0.429	GG-CC
0.450	0.018	0.429	GG-CC
0.450	0.008	0.422	GG-CC
0.450	0.478	0.416	GG-CC
0.450	0.026	0.416	GG-CC
0.450	0.458	0.413	GG-CC
0.450	0.025	0.407	GG-CC
0.450	0.027	0.400	GG-CC
0.450	0.472	0.387	GG-CC
0.450	0.228	0.379	GG-CC
0.450	0.242	0.377	GG-CC
0.450	0.046	0.377	GG-CC
0.450	0.022	0.368	GG-CC
0.450	0.007	0.364	GG-CC
0.450	0.202	0.353	GG-CC
0.450	0.161	0.353	GG-CC
0.450	0.091	0.340	GG-CC
0.450	0.118	0.335	GG-CC
0.450	0.011	0.333	GG-CC
0.450	0.776	0.331	GG-CC
0.450	0.079	0.323	GG-CC
0.450	0.171	0.323	GG-CC
0.450	0.255	0.316	GG-CC
0.450	0.011	0.299	GG-CC
0.450	0.038	0.290	GG-CC
0.450	0.081	0.273	GG-CC
0.450	0.287	0.258	GG-CC
0.450	0.294	0.253	GG-CC
0.450	0.074	0.253	GG-CC
0.450	0.795	0.249	GG-CC
0.450	0.138	0.245	GG-CC
0.450	0.038	0.242	GG-CC
0.450	0.002	0.238	GG-CC
0.450	0.022	0.232	GG-CC
0.450	0.177	0.229	GG-CC
0.450	0.048	0.223	GG-CC
0.450	0.019	0.210	GG-CC
0.450	0.315	0.195	GG-CC
0.450	0.049	0.195	GG-CC
0.450	0.006	0.193	GG-CC
0.450	0.137	0.186	GG-CC
0.450	0.083	0.186	GG-CC
0.450	0.136	0.180	GG-CC
0.450	0.013	0.180	GG-CC
0.450	0.086	0.165	GG-CC
0.450	0.025	0.143	GG-CC
0.450	0.021	0.132	GG-CC
0.450	0.149	0.128	GG-CC
0.450	0.201	0.115	GG-CC
0.450	0.019	0.113	GG-CC
0.450	0.204	0.104	GG-CC
0.450	0.005	0.104	GG-CC
0.450	0.260	0.097	GG-CC
0.450	0.022	0.097	GG-CC
0.450	0.019	0.089	GG-CC
0.450	0.016	0.084	GG-CC
0.450	0.033	0.076	GG-CC
0.450	0.073	0.058	GG-CC
0.450	0.056	0.052	GG-CC
0.450	0.042	0.048	GG-CC
0.450	0.110	0.043	GG-CC
0.450	0.052	0.030	GG-CC
0.450	0.004	0.024	GG-CC
0.450	0.005	0.022	GG-CC
0.450	0.051	0.015	GG-CC
0.450	0.143	0.009	GG-CC
0.450	0.655	0.993	GG-CC
0.450	0.258	0.986	GG-CC
0.450	0.064	0.978	GG-CC
0.450	0.071	0.971	GG-CC
0.450	0.494	0.964	GG-CC
0.450	0.667	0.957	GG-CC
0.450	0.233	0.949	GG-CC
0.450	0.538	0.942	GG-CC
0.450	0.249	0.935	GG-CC
0.450	0.184	0.928	GG-CC
0.450	0.448	0.920	GG-CC
0.450	0.224	0.913	GG-CC
0.450	0.095	0.906	GG-CC
0.450	0.295	0.899	GG-CC
0.450	0.218	0.891	GG-CC
0.450	0.383	0.884	GG-CC
0.450	0.121	0.877	GG-CC
0.450	0.605	0.870	GG-CC
0.450	0.567	0.862	GG-CC
0.450	0.151	0.855	GG-CC
0.450	0.218	0.848	GG-CC
0.450	0.302	0.841	GG-CC
0.450	0.285	0.833	GG-CC
0.450	0.353	0.826	GG-CC
0.450	0.069	0.819	GG-CC
0.450	0.389	0.812	GG-CC
0.450	0.387	0.804	GG-CC
0.450	0.235	0.797	GG-CC
0.450	0.694	0.790	GG-CC
0.450	0.240	0.783	GG-CC
0.450	0.501	0.775	GG-CC
0.450	0.132	0.768	GG-CC
0.450	0.063	0.761	GG-CC
0.450	0.306	0.754	GG-CC
0.450	0.084	0.746	GG-CC
0.450	0.023	0.739	GG-CC
0.450	0.219	0.732	GG-CC
0.450	0.019	0.725	GG-CC
0.450	0.113	0.717	GG-CC
0.450	0.627	0.710	GG-CC
0.450	0.363	0.703	GG-CC
0.450	0.412	0.696	GG-CC
0.450	0.392	0.688	GG-CC
0.450	0.078	0.681	GG-CC
0.450	0.407	0.674	GG-CC
0.450	0.024	0.667	GG-CC
0.450	0.438	0.659	GG-CC
0.450	0.186	0.652	GG-CC
0.450	0.073	0.645	GG-CC
0.450	0.119	0.638	GG-CC
0.450	0.163	0.630	GG-CC
0.450	0.097	0.623	GG-CC
0.450	0.366	0.616	GG-CC
0.450	0.722	0.609	GG-CC
0.450	0.021	0.601	GG-CC
0.450	0.286	0.594	GG-CC
0.450	0.037	0.587	GG-CC
0.450	0.129	0.580	GG-CC
0.450	0.019	0.572	GG-CC
0.450	0.486	0.565	GG-CC
0.450	0.372	0.558	GG-CC
0.450	0.083	0.551	GG-CC
0.450	0.216	0.543	GG-CC
0.450	0.121	0.536	GG-CC
0.450	0.211	0.529	GG-CC
0.450	0.027	0.522	GG-CC
0.450	0.067	0.514	GG-CC
0.450	0.156	0.507	GG-CC
0.450	0.161	0.500	GG-CC
0.450	0.626	0.493	GG-CC
0.450	0.003	0.486	GG-CC
0.450	0.268	0.478	GG-CC
0.450	0.271	0.471	GG-CC
0.450	0.170	0.464	GG-CC
0.450	0.421	0.457	GG-CC
0.450	0.119	0.449	GG-CC
0.450	0.032	0.442	GG-CC
0.450	0.189	0.435	GG-CC
0.450	0.124	0.428	GG-CC
0.450	0.149	0.420	GG-CC
0.450	0.020	0.413	GG-CC
0.450	0.012	0.406	GG-CC
0.450	0.212	0.399	GG-CC
0.450	0.083	0.391	GG-CC
0.450	0.234	0.384	GG-CC
0.450	0.074	0.377	GG-CC
0.450	0.281	0.370	GG-CC
0.450	0.040	0.362	GG-CC
0.450	0.578	0.355	GG-CC
0.450	0.022	0.348	GG-CC
0.450	0.084	0.341	GG-CC
0.450	0.073	0.333	GG-CC
0.450	0.093	0.326	GG-CC
0.450	0.016	0.319	GG-CC
0.450	0.029	0.312	GG-CC
0.450	0.013	0.304	GG-CC
0.450	0.170	0.297	GG-CC
0.450	0.088	0.290	GG-CC
0.450	0.078	0.283	GG-CC
0.450	0.499	0.275	GG-CC
0.450	0.028	0.268	GG-CC
0.450	0.100	0.261	GG-CC
0.450	0.187	0.254	GG-CC
0.450	0.076	0.246	GG-CC
0.450	0.103	0.239	GG-CC
0.450	0.027	0.232	GG-CC
0.450	0.066	0.225	GG-CC
0.450	0.024	0.217	GG-CC
0.450	0.054	0.210	GG-CC
0.450	0.058	0.203	GG-CC
0.450	0.030	0.196	GG-CC
0.450	0.062	0.188	GG-CC
0.450	0.000	0.181	GG-CC
0.450	0.125	0.174	GG-CC
0.450	0.022	0.167	GG-CC
0.450	0.003	0.159	GG-CC
0.450	0.042	0.152	GG-CC
0.450	0.185	0.145	GG-CC
0.450	0.009	0.138	GG-CC
0.450	0.025	0.130	GG-CC
0.450	0.161	0.123	GG-CC
0.450	0.147	0.116	GG-CC
0.450	0.035	0.109	GG-CC
0.450	0.089	0.101	GG-CC
0.450	0.021	0.094	GG-CC
0.450	0.137	0.087	GG-CC
0.450	0.078	0.080	GG-CC
0.450	0.037	0.072	GG-CC
0.450	0.108	0.065	GG-CC
0.450	0.019	0.058	GG-CC
0.450	0.001	0.051	GG-CC
0.450	0.021	0.043	GG-CC
0.450	0.078	0.036	GG-CC
0.450	0.177	0.029	GG-CC
0.450	0.020	0.022	GG-CC
0.450	0.007	0.014	GG-CC
0.450	0.005	0.007	GG-CC
0.450	0.002	0.000	GG-CC
0.450	0.359	0.996	GG-CC
0.450	0.236	0.993	GG-CC
0.450	0.505	0.989	GG-CC
0.450	0.495	0.986	GG-CC
0.450	0.894	0.982	GG-CC
0.450	0.272	0.978	GG-CC
0.450	0.695	0.975	GG-CC
0.450	0.360	0.971	GG-CC
0.450	0.371	0.968	GG-CC
0.450	0.847	0.964	GG-CC
0.450	0.682	0.960	GG-CC
0.450	0.755	0.957	GG-CC
0.450	0.154	0.953	GG-CC
0.450	0.530	0.949	GG-CC
0.450	0.240	0.946	GG-CC
0.450	0.413	0.942	GG-CC
0.450	0.527	0.939	GG-CC
0.450	0.170	0.935	GG-CC
0.450	0.502	0.931	GG-CC
0.450	0.306	0.928	GG-CC
0.450	0.209	0.924	GG-CC
0.450	0.288	0.921	GG-CC
0.450	0.809	0.917	GG-CC
0.450	0.437	0.913	GG-CC
0.450	0.800	0.910	GG-CC
0.450	0.694	0.906	GG-CC
0.450	0.350	0.903	GG-CC
0.450	0.644	0.899	GG-CC
0.450	0.402	0.895	GG-CC
0.450	0.293	0.892	GG-CC
0.450	0.346	0.888	GG-CC
0.450	0.121	0.884	GG-CC
0.450	0.534	0.881	GG-CC
0.450	0.233	0.877	GG-CC
0.450	0.043	0.874	GG-CC
0.450	0.144	0.870	GG-CC
0.450	0.208	0.866	GG-CC
0.450	0.021	0.863	GG-CC
0.450	0.400	0.859	GG-CC
0.450	0.234	0.856	GG-CC
0.450	0.327	0.852	GG-CC
0.450	0.110	0.848	GG-CC
0.450	0.634	0.845	GG-CC
0.450	0.596	0.841	GG-CC
0.450	0.319	0.838	GG-CC
0.450	0.180	0.834	GG-CC
0.450	0.732	0.830	GG-CC
0.450	0.080	0.827	GG-CC
0.450	0.157	0.823	GG-CC
0.450	0.312	0.819	GG-CC
0.450	0.085	0.816	GG-CC
0.450	0.216	0.812	GG-CC
0.450	0.258	0.809	GG-CC
0.450	0.471	0.805	GG-CC
0.450	0.704	0.801	GG-CC
0.450	0.134	0.798	GG-CC
0.450	0.153	0.794	GG-CC
0.450	0.641	0.791	GG-CC
0.450	0.151	0.787	GG-CC
0.450	0.139	0.783	GG-CC
0.450	0.111	0.780	GG-CC
0.450	0.111	0.776	GG-CC
0.450	0.070	0.773	GG-CC
0.450	0.251	0.769	GG-CC
0.450	0.240	0.765	GG-CC
0.450	0.074	0.762	GG-CC
0.450	0.261	0.758	GG-CC
0.450	0.211	0.755	GG-CC
0.450	0.135	0.751	GG-CC
0.450	0.160	0.747	GG-CC
0.450	0.475	0.744	GG-CC
0.450	0.076	0.740	GG-CC
0.450	0.110	0.736	GG-CC
0.450	0.109	0.733	GG-CC
0.450	0.108	0.729	GG-CC
0.450	0.104	0.726	GG-CC
0.450	0.059	0.722	GG-CC
0.450	0.207	0.718	GG-CC
0.450	0.470	0.715	GG-CC
0.450	0.310	0.711	GG-CC
0.450	0.178	0.708	GG-CC
0.450	0.049	0.704	GG-CC
0.450	0.273	0.700	GG-CC
0.450	0.837	0.697	GG-CC
0.450	0.035	0.693	GG-CC
0.450	0.226	0.690	GG-CC
0.450	0.134	0.686	GG-CC
0.450	0.389	0.682	GG-CC
0.450	0.172	0.679	GG-CC
0.450	0.178	0.675	GG-CC
0.450	0.048	0.671	GG-CC
0.450	0.012	0.668	GG-CC
0.450	0.138	0.664	GG-CC
0.450	0.067	0.661	GG-CC
0.450	0.029	0.657	GG-CC
0.450	0.144	0.653	GG-CC
0.450	0.032	0.650	GG-CC
0.450	0.020	0.646	GG-CC
0.450	0.334	0.643	GG-CC
0.450	0.238	0.639	GG-CC
0.450	0.017	0.635	GG-CC
0.450	0.263	0.632	GG-CC
0.450	0.314	0.628	GG-CC
0.450	0.510	0.625	GG-CC
0.450	0.264	0.621	GG-CC
0.450	0.532	0.617	GG-CC
0.450	0.010	0.614	GG-CC
0.450	0.086	0.610	GG-CC
0.450	0.063	0.606	GG-CC
0.450	0.218	0.603	GG-CC
0.450	0.026	0.599	GG-CC
0.450	0.130	0.596	GG-CC
0.450	0.092	0.592	GG-CC
0.450	0.415	0.588	GG-CC
0.450	0.225	0.585	GG-CC
0.450	0.549	0.581	GG-CC
0.450	0.101	0.578	GG-CC
0.450	0.075	0.574	GG-CC
0.450	0.024	0.570	GG-CC
0.450	0.044	0.567	GG-CC
0.450	0.157	0.563	GG-CC
0.450	0.028	0.560	GG-CC
0.450	0.076	0.556	GG-CC
0.450	0.276	0.552	GG-CC
0.450	0.631	0.549	GG-CC
0.450	0.780	0.545	GG-CC
0.450	0.125	0.542	GG-CC
0.450	0.492	0.538	GG-CC
0.450	0.103	0.534	GG-CC
0.450	0.058	0.531	GG-CC
0.450	0.005	0.527	GG-CC
0.450	0.076	0.523	GG-CC
0.450	0.014	0.520	GG-CC
0.450	0.034	0.516	GG-CC
0.450	0.146	0.513	GG-CC
0.450	0.389	0.509	GG-CC
0.450	0.375	0.505	GG-CC
0.450	0.122	0.502	GG-CC
0.450	0.085	0.498	GG-CC
0.450	0.200	0.495	GG-CC
0.450	0.076	0.491	GG-CC
0.450	0.095	0.487	GG-CC
0.450	0.065	0.484	GG-CC
0.450	0.049	0.480	GG-CC
0.450	0.079	0.477	GG-CC
0.450	0.038	0.473	GG-CC
0.450	0.113	0.469	GG-CC
0.450	0.290	0.466	GG-CC
0.450	0.094	0.462	GG-CC
0.450	0.549	0.458	GG-CC
0.450	0.019	0.455	GG-CC
0.450	0.216	0.451	GG-CC
0.450	0.040	0.448	GG-CC
0.450	0.018	0.444	GG-CC
0.450	0.092	0.440	GG-CC
0.450	0.163	0.437	GG-CC
0.450	0.048	0.433	GG-CC
0.450	0.050	0.430	GG-CC
0.450	0.059	0.426	GG-CC
0.450	0.247	0.422	GG-CC
0.450	0.105	0.419	GG-CC
0.450	0.116	0.415	GG-CC
0.450	0.075	0.412	GG-CC
0.450	0.112	0.408	GG-CC
0.450	0.021	0.404	GG-CC
0.450	0.215	0.401	GG-CC
0.450	0.346	0.397	GG-CC
0.450	0.050	0.394	GG-CC
0.450	0.146	0.390	GG-CC
0.450	0.093	0.386	GG-CC
0.450	0.035	0.383	GG-CC
0.450	0.192	0.379	GG-CC
0.450	0.392	0.375	GG-CC
0.450	0.046	0.372	GG-CC
0.450	0.596	0.368	GG-CC
0.450	0.095	0.365	GG-CC
0.450	0.123	0.361	GG-CC
0.450	0.197	0.357	GG-CC
0.450	0.237	0.354	GG-CC
0.450	0.013	0.350	GG-CC
0.450	0.028	0.347	GG-CC
0.450	0.013	0.343	GG-CC
0.450	0.100	0.339	GG-CC
0.450	0.260	0.336	GG-CC
0.450	0.239	0.332	GG-CC
0.450	0.105	0.329	GG-CC
0.450	0.086	0.325	GG-CC
0.450	0.122	0.321	GG-CC
0.450	0.041	0.318	GG-CC
0.450	0.009	0.314	GG-CC
0.450	0.015	0.310	GG-CC
0.450	0.157	0.307	GG-CC
0.450	0.074	0.303	GG-CC
0.450	0.041	0.300	GG-CC
0.450	0.018	0.296	GG-CC
0.450	0.250	0.292	GG-CC
0.450	0.072	0.289	GG-CC
0.450	0.103	0.285	GG-CC
0.450	0.023	0.282	GG-CC
0.450	0.067	0.278	GG-CC
0.450	0.071	0.274	GG-CC
0.450	0.039	0.271	GG-CC
0.450	0.020	0.267	GG-CC
0.450	0.033	0.264	GG-CC
0.450	0.226	0.260	GG-CC
0.450	0.130	0.256	GG-CC
0.450	0.282	0.253	GG-CC
0.450	0.037	0.249	GG-CC
0.450	0.030	0.245	GG-CC
0.450	0.301	0.242	GG-CC
0.450	0.507	0.238	GG-CC
0.450	0.054	0.235	GG-CC
0.450	0.040	0.231	GG-CC
0.450	0.314	0.227	GG-CC
0.450	0.040	0.224	GG-CC
0.450	0.036	0.220	GG-CC
0.450	0.484	0.217	GG-CC
0.450	0.059	0.213	GG-CC
0.450	0.014	0.209	GG-CC
0.450	0.410	0.206	GG-CC
0.450	0.070	0.202	GG-CC
0.450	0.078	0.199	GG-CC
0.450	0.061	0.195	GG-CC
0.450	0.093	0.191	GG-CC
0.450	0.045	0.188	GG-CC
0.450	0.020	0.184	GG-CC
0.450	0.050	0.181	GG-CC
0.450	0.030	0.177	GG-CC
0.450	0.047	0.173	GG-CC
0.450	0.040	0.170	GG-CC
0.450	0.542	0.166	GG-CC
0.450	0.093	0.162	GG-CC
0.450	0.272	0.159	GG-CC
0.450	0.078	0.155	GG-CC
0.450	0.060	0.152	GG-CC
0.450	0.206	0.148	GG-CC
0.450	0.004	0.144	GG-CC
0.450	0.033	0.141	GG-CC
0.450	0.206	0.137	GG-CC
0.450	0.249	0.134	GG-CC
0.450	0.041	0.130	GG-CC
0.450	0.421	0.126	GG-CC
0.450	0.029	0.123	GG-CC
0.450	0.027	0.119	GG-CC
0.450	0.009	0.116	GG-CC
0.450	0.035	0.112	GG-CC
0.450	0.017	0.108	GG-CC
0.450	0.055	0.105	GG-CC
0.450	0.002	0.101	GG-CC
0.450	0.019	0.097	GG-CC
0.450	0.098	0.094	GG-CC
0.450	0.090	0.090	GG-CC
0.450	0.013	0.087	GG-CC
0.450	0.051	0.083	GG-CC
0.450	0.018	0.079	GG-CC
0.450	0.008	0.076	GG-CC
0.450	0.015	0.072	GG-CC
0.450	0.018	0.069	GG-CC
0.450	0.052	0.065	GG-CC
0.450	0.105	0.061	GG-CC
0.450	0.006	0.058	GG-CC
0.450	0.043	0.054	GG-CC
0.450	0.056	0.051	GG-CC
0.450	0.030	0.047	GG-CC
0.450	0.039	0.043	GG-CC
0.450	0.035	0.040	GG-CC
0.450	0.033	0.036	GG-CC
0.450	0.262	0.032	GG-CC
0.450	0.042	0.029	GG-CC
0.450	0.009	0.025	GG-CC
0.450	0.009	0.022	GG-CC
0.450	0.114	0.018	GG-CC
0.450	0.047	0.014	GG-CC
0.450	0.297	0.011	GG-CC
0.450	0.149	0.007	GG-CC
0.450	0.036	0.004	GG-CC
0.450	0.204	0.000	GG-CC
0.450	0.780	0.996	GG-CC
0.450	0.555	0.992	GG-CC
0.450	0.058	0.987	GG-CC
0.450	0.175	0.983	GG-CC
0.450	0.104	0.979	GG-CC
0.450	0.791	0.975	GG-CC
0.450	0.232	0.971	GG-CC
0.450	0.668	0.967	GG-CC
0.450	0.383	0.962	GG-CC
0.450	0.569	0.958	GG-CC
0.450	0.730	0.954	GG-CC
0.450	0.170	0.950	GG-CC
0.450	0.814	0.946	GG-CC
0.450	0.584	0.941	GG-CC
0.450	0.113	0.937	GG-CC
0.450	0.151	0.933	GG-CC
0.450	0.456	0.929	GG-CC
0.450	0.790	0.925	GG-CC
0.450	0.073	0.921	GG-CC
0.450	0.480	0.916	GG-CC
0.450	0.873	0.912	GG-CC
0.450	0.327	0.908	GG-CC
0.450	0.091	0.904	GG-CC
0.450	0.568	0.900	GG-CC
0.450	0.336	0.895	GG-CC
0.450	0.552	0.891	GG-CC
0.450	0.168	0.887	GG-CC
0.450	0.498	0.883	GG-CC
0.450	0.289	0.879	GG-CC
0.450	0.134	0.874	GG-CC
0.450	0.112	0.870	GG-CC
0.450	0.196	0.866	GG-CC
0.450	0.145	0.862	GG-CC
0.450	0.050	0.858	GG-CC
0.450	0.135	0.854	GG-CC
0.450	0.439	0.849	GG-CC
0.450	0.401	0.845	GG-CC
0.450	0.287	0.841	GG-CC
0.450	0.183	0.837	GG-CC
0.450	0.536	0.833	GG-CC
0.450	0.094	0.828	GG-CC
0.450	0.765	0.824	GG-CC
0.450	0.514	0.820	GG-CC
0.450	0.565	0.816	GG-CC
0.450	0.080	0.812	GG-CC
0.450	0.328	0.808	GG-CC
0.450	0.571	0.803	GG-CC
0.450	0.300	0.799	GG-CC
0.450	0.030	0.795	GG-CC
0.450	0.172	0.791	GG-CC
0.450	0.054	0.787	GG-CC
0.450	0.005	0.782	GG-CC
0.450	0.263	0.778	GG-CC
0.450	0.484	0.774	GG-CC
0.450	0.300	0.770	GG-CC
0.450	0.364	0.766	GG-CC
0.450	0.114	0.762	GG-CC
0.450	0.149	0.757	GG-CC
0.450	0.244	0.753	GG-CC
0.450	0.097	0.749	GG-CC
0.450	0.558	0.745	GG-CC
0.450	0.060	0.741	GG-CC
0.450	0.274	0.736	GG-CC
0.450	0.478	0.732	GG-CC
0.450	0.127	0.728	GG-CC
0.450	0.343	0.724	GG-CC
0.450	0.295	0.720	GG-CC
0.450	0.425	0.715	GG-CC
0.450	0.252	0.711	GG-CC
0.450	0.258	0.707	GG-CC
0.450	0.149	0.703	GG-CC
0.450	0.095	0.699	GG-CC
0.450	0.068	0.695	GG-CC
0.450	0.637	0.690	GG-CC
0.450	0.248	0.686	GG-CC
0.450	0.103	0.682	GG-CC
0.450	0.174	0.678	GG-CC
0.450	0.346	0.674	GG-CC
0.450	0.253	0.669	GG-CC
0.450	0.704	0.665	GG-CC
0.450	0.073	0.661	GG-CC
0.450	0.267	0.657	GG-CC
0.450	0.346	0.653	GG-CC
0.450	0.214	0.649	GG-CC
0.450	0.080	0.644	GG-CC
0.450	0.034	0.640	GG-CC
0.450	0.533	0.636	GG-CC
0.450	0.164	0.632	GG-CC
0.450	0.226	0.628	GG-CC
0.450	0.285	0.623	GG-CC
0.450	0.327	0.619	GG-CC
0.450	0.275	0.615	GG-CC
0.450	0.190	0.611	GG-CC
0.450	0.053	0.607	GG-CC
0.450	0.122	0.603	GG-CC
0.450	0.043	0.598	GG-CC
0.450	0.061	0.594	GG-CC
0.450	0.028	0.590	GG-CC
0.450	0.444	0.586	GG-CC
0.450	0.172	0.582	GG-CC
0.450	0.092	0.577	GG-CC
0.450	0.014	0.573	GG-CC
0.450	0.035	0.569	GG-CC
0.450	0.037	0.565	GG-CC
0.450	0.553	0.561	GG-CC
0.450	0.817	0.556	GG-CC
0.450	0.041	0.552	GG-CC
0.450	0.052	0.548	GG-CC
0.450	0.133	0.544	GG-CC
0.450	0.038	0.540	GG-CC
0.450	0.042	0.536	GG-CC
0.450	0.269	0.531	GG-CC
0.450	0.255	0.527	GG-CC
0.450	0.021	0.523	GG-CC
0.450	0.016	0.519	GG-CC
0.450	0.061	0.515	GG-CC
0.450	0.049	0.510	GG-CC
0.450	0.038	0.506	GG-CC
0.450	0.058	0.502	GG-CC
0.450	0.086	0.498	GG-CC
0.450	0.029	0.494	GG-CC
0.450	0.210	0.490	GG-CC
0.450	0.012	0.485	GG-CC
0.450	0.096	0.481	GG-CC
0.450	0.024	0.477	GG-CC
0.450	0.013	0.473	GG-CC
0.450	0.236	0.469	GG-CC
0.450	0.007	0.464	GG-CC
0.450	0.354	0.460	GG-CC
0.450	0.057	0.456	GG-CC
0.450	0.062	0.452	GG-CC
0.450	0.337	0.448	GG-CC
0.450	0.063	0.444	GG-CC
0.450	0.111	0.439	GG-CC
0.450	0.295	0.435	GG-CC
0.450	0.120	0.431	GG-CC
0.450	0.098	0.427	GG-CC
0.450	0.136	0.423	GG-CC
0.450	0.295	0.418	GG-CC
0.450	0.048	0.414	GG-CC
0.450	0.096	0.410	GG-CC
0.450	0.038	0.406	GG-CC
0.450	0.008	0.402	GG-CC
0.450	0.042	0.397	GG-CC
0.450	0.101	0.393	GG-CC
0.450	0.014	0.389	GG-CC
0.450	0.239	0.385	GG-CC
0.450	0.656	0.381	GG-CC
0.450	0.063	0.377	GG-CC
0.450	0.058	0.372	GG-CC
0.450	0.095	0.368	GG-CC
0.450	0.005	0.364	GG-CC
0.450	0.209	0.360	GG-CC
0.450	0.025	0.356	GG-CC
0.450	0.001	0.351	GG-CC
0.450	0.153	0.347	GG-CC
0.450	0.076	0.343	GG-CC
0.450	0.262	0.339	GG-CC
0.450	0.027	0.335	GG-CC
0.450	0.443	0.331	GG-CC
0.450	0.071	0.326	GG-CC
0.450	0.007	0.322	GG-CC
0.450	0.009	0.318	GG-CC
0.450	0.368	0.314	GG-CC
0.450	0.120	0.310	GG-CC
0.450	0.184	0.305	GG-CC
0.450	0.449	0.301	GG-CC
0.450	0.100	0.297	GG-CC
0.450	0.026	0.293	GG-CC
0.450	0.107	0.289	GG-CC
0.450	0.177	0.285	GG-CC
0.450	0.022	0.280	GG-CC
0.450	0.138	0.276	GG-CC
0.450	0.006	0.272	GG-CC
0.450	0.083	0.268	GG-CC
0.450	0.061	0.264	GG-CC
0.450	0.356	0.259	GG-CC
0.450	0.033	0.255	GG-CC
0.450	0.042	0.251	GG-CC
0.450	0.195	0.247	GG-CC
0.450	0.187	0.243	GG-CC
0.450	0.014	0.238	GG-CC
0.450	0.073	0.234	GG-CC
0.450	0.074	0.230	GG-CC
0.450	0.078	0.226	GG-CC
0.450	0.012	0.222	GG-CC
0.450	0.360	0.218	GG-CC
0.450	0.107	0.213	GG-CC
0.450	0.028	0.209	GG-CC
0.450	0.033	0.205	GG-CC
0.450	0.203	0.201	GG-CC
0.450	0.188	0.197	GG-CC
0.450	0.063	0.192	GG-CC
0.450	0.015	0.188	GG-CC
0.450	0.084	0.184	GG-CC
0.450	0.036	0.180	GG-CC
0.450	0.098	0.176	GG-CC
0.450	0.155	0.172	GG-CC
0.450	0.182	0.167	GG-CC
0.450	0.010	0.163	GG-CC
0.450	0.056	0.159	GG-CC
0.450	0.022	0.155	GG-CC
0.450	0.243	0.151	GG-CC
0.450	0.082	0.146	GG-CC
0.450	0.026	0.142	GG-CC
0.450	0.009	0.138	GG-CC
0.450	0.003	0.134	GG-CC
0.450	0.004	0.130	GG-CC
0.450	0.030	0.126	GG-CC
0.450	0.023	0.121	GG-CC
0.450	0.198	0.117	GG-CC
0.450	0.104	0.113	GG-CC
0.450	0.086	0.109	GG-CC
0.450	0.021	0.105	GG-CC
0.450	0.002	0.100	GG-CC
0.450	0.018	0.096	GG-CC
0.450	0.056	0.092	GG-CC
0.450	0.199	0.088	GG-CC
0.450	0.015	0.084	GG-CC
0.450	0.068	0.079	GG-CC
0.450	0.114	0.075	GG-CC
0.450	0.009	0.071	GG-CC
0.450	0.002	0.067	GG-CC
0.450	0.006	0.063	GG-CC
0.450	0.020	0.059	GG-CC
0.450	0.177	0.054	GG-CC
0.450	0.031	0.050	GG-CC
0.450	0.013	0.046	GG-CC
0.450	0.016	0.042	GG-CC
0.450	0.080	0.038	GG-CC
0.450	0.010	0.033	GG-CC
0.450	0.104	0.029	GG-CC
0.450	0.065	0.025	GG-CC
0.450	0.006	0.021	GG-CC
0.450	0.062	0.017	GG-CC
0.450	0.021	0.013	GG-CC
0.450	0.084	0.008	GG-CC
0.450	0.009	0.004	GG-CC
0.450	0.067	0.000	GG-CC
0.450	0.448	0.994	GG-CC
0.450	0.206	0.988	GG-CC
0.450	0.411	0.982	GG-CC
0.450	0.719	0.976	GG-CC
0.450	0.723	0.970	GG-CC
0.450	0.118	0.964	GG-CC
0.450	0.217	0.959	GG-CC
0.450	0.248	0.953	GG-CC
0.450	0.555	0.947	GG-CC
0.450	0.328	0.941	GG-CC
0.450	0.846	0.935	GG-CC
0.450	0.830	0.929	GG-CC
0.450	0.123	0.923	GG-CC
0.450	0.170	0.917	GG-CC
0.450	0.489	0.911	GG-CC
0.450	0.283	0.905	GG-CC
0.450	0.529	0.899	GG-CC
0.450	0.149	0.893	GG-CC
0.450	0.111	0.888	GG-CC
0.450	0.320	0.882	GG-CC
0.450	0.158	0.876	GG-CC
0.450	0.940	0.870	GG-CC
0.450	0.452	0.864	GG-CC
0.450	0.496	0.858	GG-CC
0.450	0.037	0.852	GG-CC
0.450	0.836	0.846	GG-CC
0.450	0.274	0.840	GG-CC
0.450	0.704	0.834	GG-CC
0.450	0.320	0.828	GG-CC
0.450	0.045	0.822	GG-CC
0.450	0.283	0.817	GG-CC
0.450	0.144	0.811	GG-CC
0.450	0.196	0.805	GG-CC
0.450	0.562	0.799	GG-CC
0.450	0.532	0.793	GG-CC
0.450	0.014	0.787	GG-CC
0.450	0.411	0.781	GG-CC
0.450	0.079	0.775	GG-CC
0.450	0.312	0.769	GG-CC
0.450	0.039	0.763	GG-CC
0.450	0.165	0.757	GG-CC
0.450	0.345	0.751	GG-CC
0.450	0.131	0.746	GG-CC
0.450	0.048	0.740	GG-CC
0.450	0.425	0.734	GG-CC
0.450	0.473	0.728	GG-CC
0.450	0.217	0.722	GG-CC
0.450	0.049	0.716	GG-CC
0.450	0.538	0.710	GG-CC
0.450	0.255	0.704	GG-CC
0.450	0.050	0.698	GG-CC
0.450	0.482	0.692	GG-CC
0.450	0.120	0.686	GG-CC
0.450	0.415	0.680	GG-CC
0.450	0.044	0.675	GG-CC
0.450	0.176	0.669	GG-CC
0.450	0.157	0.663	GG-CC
0.450	0.227	0.657	GG-CC
0.450	0.315	0.651	GG-CC
0.450	0.045	0.645	GG-CC
0.450	0.023	0.639	GG-CC
0.450	0.080	0.633	GG-CC
0.450	0.115	0.627	GG-CC
0.450	0.026	0.621	GG-CC
0.450	0.029	0.615	GG-CC
0.450	0.146	0.609	GG-CC
0.450	0.035	0.604	GG-CC
0.450	0.400	0.598	GG-CC
0.450	0.104	0.592	GG-CC
0.450	0.678	0.586	GG-CC
0.450	0.583	0.580	GG-CC
0.450	0.079	0.574	GG-CC
0.450	0.084	0.568	GG-CC
0.450	0.153	0.562	GG-CC
0.450	0.044	0.556	GG-CC
0.450	0.043	0.550	GG-CC
0.450	0.012	0.544	GG-CC
0.450	0.418	0.538	GG-CC
0.450	0.392	0.533	GG-CC
0.450	0.319	0.527	GG-CC
0.450	0.203	0.521	GG-CC
0.450	0.101	0.515	GG-CC
0.450	0.033	0.509	GG-CC
0.450	0.046	0.503	GG-CC
0.450	0.063	0.497	GG-CC
0.450	0.281	0.491	GG-CC
0.450	0.130	0.485	GG-CC
0.450	0.058	0.479	GG-CC
0.450	0.067	0.473	GG-CC
0.450	0.007	0.467	GG-CC
0.450	0.140	0.462	GG-CC
0.450	0.083	0.456	GG-CC
0.450	0.104	0.450	GG-CC
0.450	0.010	0.444	GG-CC
0.450	0.279	0.438	GG-CC
0.450	0.045	0.432	GG-CC
0.450	0.071	0.426	GG-CC
0.450	0.020	0.420	GG-CC
0.450	0.042	0.414	GG-CC
0.450	0.102	0.408	GG-CC
0.450	0.075	0.402	GG-CC
0.450	0.201	0.396	GG-CC
0.450	0.023	0.391	GG-CC
0.450	0.023	0.385	GG-CC
0.450	0.033	0.379	GG-CC
0.450	0.055	0.373	GG-CC
0.450	0.238	0.367	GG-CC
0.450	0.207	0.361	GG-CC
0.450	0.413	0.355	GG-CC
0.450	0.454	0.349	GG-CC
0.450	0.010	0.343	GG-CC
0.450	0.202	0.337	GG-CC
0.450	0.147	0.331	GG-CC
0.450	0.015	0.325	GG-CC
0.450	0.492	0.320	GG-CC
0.450	0.027	0.314	GG-CC
0.450	0.085	0.308	GG-CC
0.450	0.118	0.302	GG-CC
0.450	0.162	0.296	GG-CC
0.450	0.352	0.290	GG-CC
0.450	0.071	0.284	GG-CC
0.450	0.175	0.278	GG-CC
0.450	0.045	0.272	GG-CC
0.450	0.048	0.266	GG-CC
0.450	0.460	0.260	GG-CC
0.450	0.296	0.254	GG-CC
0.450	0.076	0.249	GG-CC
0.450	0.169	0.243	GG-CC
0.450	0.014	0.237	GG-CC
0.450	0.210	0.231	GG-CC
0.450	0.025	0.225	GG-CC
0.450	0.128	0.219	GG-CC
0.450	0.003	0.213	GG-CC
0.450	0.610	0.207	GG-CC
0.450	0.039	0.201	GG-CC
0.450	0.022	0.195	GG-CC
0.450	0.015	0.189	GG-CC
0.450	0.052	0.183	GG-CC
0.450	0.014	0.178	GG-CC
0.450	0.113	0.172	GG-CC
0.450	0.122	0.166	GG-CC
0.450	0.455	0.160	GG-CC
0.450	0.001	0.154	GG-CC
0.450	0.067	0.148	GG-CC
0.450	0.123	0.142	GG-CC
0.450	0.174	0.136	GG-CC
0.450	0.046	0.130	GG-CC
0.450	0.014	0.124	GG-CC
0.450	0.037	0.118	GG-CC
0.450	0.012	0.112	GG-CC
0.450	0.031	0.107	GG-CC
0.450	0.100	0.101	GG-CC
0.450	0.058	0.095	GG-CC
0.450	0.087	0.089	GG-CC
0.450	0.095	0.083	GG-CC
0.450	0.009	0.077	GG-CC
0.450	0.012	0.071	GG-CC
0.450	0.012	0.065	GG-CC
0.450	0.010	0.059	GG-CC
0.450	0.024	0.053	GG-CC
0.450	0.062	0.047	GG-CC
0.450	0.071	0.041	GG-CC
0.450	0.029	0.036	GG-CC
0.450	0.007	0.030	GG-CC
0.450	0.019	0.024	GG-CC
0.450	0.099	0.018	GG-CC
0.450	0.024	0.012	GG-CC
0.450	0.058	0.006	GG-CC
0.450	0.085	0.000	GG-CC
0.450	0.258	0.984	GG-CC
0.450	0.767	0.968	GG-CC
0.450	0.837	0.952	GG-CC
0.450	0.272	0.935	GG-CC
0.450	0.079	0.919	GG-CC
0.450	0.241	0.903	GG-CC
0.450	0.476	0.887	GG-CC
0.450	0.594	0.871	GG-CC
0.450	0.174	0.855	GG-CC
0.450	0.096	0.839	GG-CC
0.450	0.281	0.823	GG-CC
0.450	0.250	0.806	GG-CC
0.450	0.627	0.790	GG-CC
0.450	0.105	0.774	GG-CC
0.450	0.045	0.758	GG-CC
0.450	0.460	0.742	GG-CC
0.450	0.800	0.726	GG-CC
0.450	0.557	0.710	GG-CC
0.450	0.106	0.694	GG-CC
0.450	0.305	0.677	GG-CC
0.450	0.190	0.661	GG-CC
0.450	0.015	0.645	GG-CC
0.450	0.023	0.629	GG-CC
0.450	0.155	0.613	GG-CC
0.450	0.112	0.597	GG-CC
0.450	0.162	0.581	GG-CC
0.450	0.115	0.565	GG-CC
0.450	0.031	0.548	GG-CC
0.450	0.549	0.532	GG-CC
0.450	0.072	0.516	GG-CC
0.450	0.200	0.500	GG-CC
0.450	0.191	0.484	GG-CC
0.450	0.065	0.468	GG-CC
0.450	0.205	0.452	GG-CC
0.450	0.015	0.435	GG-CC
0.450	0.016	0.419	GG-CC
0.450	0.228	0.403	GG-CC
0.450	0.025	0.387	GG-CC
0.450	0.287	0.371	GG-CC
0.450	0.021	0.355	GG-CC
0.450	0.110	0.339	GG-CC
0.450	0.154	0.323	GG-CC
0.450	0.023	0.306	GG-CC
0.450	0.035	0.290	GG-CC
0.450	0.015	0.274	GG-CC
0.450	0.044	0.258	GG-CC
0.450	0.087	0.242	GG-CC
0.450	0.179	0.226	GG-CC
0.450	0.029	0.210	GG-CC
0.450	0.042	0.194	GG-CC
0.450	0.045	0.177	GG-CC
0.450	0.073	0.161	GG-CC
0.450	0.493	0.145	GG-CC
0.450	0.334	0.129	GG-CC
0.450	0.072	0.113	GG-CC
0.450	0.006	0.097	GG-CC
0.450	0.146	0.081	GG-CC
0.450	0.039	0.065	GG-CC
0.450	0.102	0.048	GG-CC
0.450	0.076	0.032	GG-CC
0.450	0.125	0.016	GG-CC
0.450	0.059	0.000	GG-CC
